,Location,Player,Total Kills,Total Deaths,K/D,Total Damage Dealt,Total Damage Taken,Total Damage Differential,CT Kills,CT Deaths,CT K/D,CT Damage Dealt,CT Damage Taken,CT Damage Differential,T Kills,T Deaths,T K/D,T Damage Dealt,T Damage Taken,T Damage Differential,Total Rounds
0,Bottom Stairs,Hunter,19,16,3,0,0,0,6,5,1,0,0,0,13,11,2,0,0,0,417
1,Deep Catwalk,Hunter,14,11,3,0,0,0,10,9,1,0,0,0,4,2,2,0,0,0,417
2,Ticketbooth ,Hunter,21,14,7,0,0,0,10,7,3,0,0,0,11,7,4,0,0,0,417
3,Snipers Nest,Hunter,8,14,-6,0,0,0,2,5,-3,0,0,0,6,9,-3,0,0,0,417
4,CT Side Apps,Hunter,9,10,-1,0,0,0,1,0,1,0,0,0,8,10,-2,0,0,0,417
5,Underpass,Hunter,13,11,2,0,0,0,2,0,2,0,0,0,11,11,0,0,0,0,417
6,Snipers Palace Peek,Hunter,9,9,0,0,0,0,4,4,0,0,0,0,5,5,0,0,0,0,417
7,Default A,Hunter,8,7,1,0,0,0,3,1,2,0,0,0,5,6,-1,0,0,0,417
8,Deep Jungle,Hunter,17,6,11,0,0,0,7,2,5,0,0,0,10,4,6,0,0,0,417
9,Arch,Hunter,15,18,-3,0,0,0,14,14,0,0,0,0,1,4,-3,0,0,0,417
10,A Site Exposed to Stairs Connector Cat,Hunter,3,6,-3,0,0,0,0,1,-1,0,0,0,3,5,-2,0,0,0,417
11,Mid Close Connector,Hunter,3,7,-4,0,0,0,0,3,-3,0,0,0,3,4,-1,0,0,0,417
12,Deep T Apps,Hunter,9,9,0,0,0,0,4,3,1,0,0,0,5,6,-1,0,0,0,417
13,CT Catwalk,Hunter,12,8,4,0,0,0,7,6,1,0,0,0,5,2,3,0,0,0,417
14,CT Outside Market,Hunter,11,7,4,0,0,0,7,5,2,0,0,0,4,2,2,0,0,0,417
15,CT Deep Catwalk Mid peek,Hunter,8,8,0,0,0,0,7,8,-1,0,0,0,1,0,1,0,0,0,417
16,Catwalk T Aparments Peek,Hunter,5,7,-2,0,0,0,3,6,-3,0,0,0,2,1,1,0,0,0,417
17,Tetris,Hunter,5,10,-5,0,0,0,0,0,0,0,0,0,5,10,-5,0,0,0,417
18,Catwalk Connector Peek,Hunter,8,7,1,0,0,0,4,5,-1,0,0,0,4,2,2,0,0,0,417
19,Deep Palace,Hunter,6,4,2,0,0,0,3,2,1,0,0,0,3,2,1,0,0,0,417
20,Bottom Connector,Hunter,5,10,-5,0,0,0,0,3,-3,0,0,0,5,7,-2,0,0,0,417
21,Deep CT,Hunter,8,10,-2,0,0,0,6,6,0,0,0,0,2,4,-2,0,0,0,417
22,Left Side Platform,Hunter,6,4,2,0,0,0,2,2,0,0,0,0,4,2,2,0,0,0,417
23,Triple Box,Hunter,2,4,-2,0,0,0,1,1,0,0,0,0,1,3,-2,0,0,0,417
24,A Site,Hunter,4,4,0,0,0,0,2,1,1,0,0,0,2,3,-1,0,0,0,417
25,Top Connector,Hunter,6,5,1,0,0,0,0,2,-2,0,0,0,6,3,3,0,0,0,417
26,Underneath B apps plat,Hunter,7,5,2,0,0,0,4,4,0,0,0,0,3,1,2,0,0,0,417
27,Top Balcony,Hunter,1,3,-2,0,0,0,1,0,1,0,0,0,0,3,-3,0,0,0,417
28,Back B Site Peeking Apps/Plat,Hunter,6,3,3,0,0,0,3,0,3,0,0,0,3,3,0,0,0,0,417
29,market,Hunter,3,4,-1,0,0,0,2,2,0,0,0,0,1,2,-1,0,0,0,417
30,B Bombsite Cross to Catwalk,Hunter,6,5,1,0,0,0,3,2,1,0,0,0,3,3,0,0,0,0,417
31,Top Mid,Hunter,6,8,-2,0,0,0,3,0,3,0,0,0,3,8,-5,0,0,0,417
32,Back Right B Site from T's Perspective,Hunter,3,5,-2,0,0,0,2,5,-3,0,0,0,1,0,1,0,0,0,417
33,B Site Default Plant,Hunter,7,6,1,0,0,0,5,2,3,0,0,0,2,4,-2,0,0,0,417
34,Close Market door,Hunter,9,4,5,0,0,0,5,4,1,0,0,0,4,0,4,0,0,0,417
35,Right Side Snipers Nest,Hunter,1,3,-2,0,0,0,0,2,-2,0,0,0,1,1,0,0,0,0,417
36,Top STairs,Hunter,1,5,-4,0,0,0,0,3,-3,0,0,0,1,2,-1,0,0,0,417
37,Bench,Hunter,2,3,-1,0,0,0,2,2,0,0,0,0,0,1,-1,0,0,0,417
38,T Deep Apps Underpass/Apps Peek,Hunter,3,5,-2,0,0,0,1,0,1,0,0,0,2,5,-3,0,0,0,417
39,Ladder Room Catwalk Side,Hunter,15,4,11,0,0,0,11,3,8,0,0,0,4,1,3,0,0,0,417
40,Back Left B Site From T's' Perspective,Hunter,4,3,1,0,0,0,3,3,0,0,0,0,1,0,1,0,0,0,417
41,Firebox,Hunter,2,4,-2,0,0,0,1,2,-1,0,0,0,1,2,-1,0,0,0,417
42,Connector behind box,Hunter,7,4,3,0,0,0,2,0,2,0,0,0,5,4,1,0,0,0,417
43,Bottom Mid Ladder Room Peek,Hunter,4,6,-2,0,0,0,0,0,0,0,0,0,4,6,-2,0,0,0,417
44,Murder Hole,Hunter,3,4,-1,0,0,0,1,2,-1,0,0,0,2,2,0,0,0,0,417
45,T Palace Stairs Peek,Hunter,5,5,0,0,0,0,0,0,0,0,0,0,5,5,0,0,0,0,417
46,Left Side corner deep jungle,Hunter,5,5,0,0,0,0,5,3,2,0,0,0,0,2,-2,0,0,0,417
47,Inside Market Doors,Hunter,0,2,-2,0,0,0,0,1,-1,0,0,0,0,1,-1,0,0,0,417
48,Top Mid towards Apps,Hunter,0,2,-2,0,0,0,0,1,-1,0,0,0,0,1,-1,0,0,0,417
49,Van Barrel Peek,Hunter,5,5,0,0,0,0,0,1,-1,0,0,0,5,4,1,0,0,0,417
50,Sandwhich,Hunter,2,6,-4,0,0,0,0,0,0,0,0,0,2,6,-4,0,0,0,417
51,Top Mid Catwalk,Hunter,3,4,-1,0,0,0,0,0,0,0,0,0,3,4,-1,0,0,0,417
52,CT Left Side,Hunter,2,1,1,0,0,0,1,1,0,0,0,0,1,0,1,0,0,0,417
53,A Ramp,Hunter,4,4,0,0,0,0,0,0,0,0,0,0,4,4,0,0,0,0,417
54,Market Window Peek,Hunter,2,3,-1,0,0,0,0,3,-3,0,0,0,2,0,2,0,0,0,417
55,Deep T Apps Underpass STairs,Hunter,6,3,3,0,0,0,0,0,0,0,0,0,6,3,3,0,0,0,417
56,Leftside Connector,Hunter,7,2,5,0,0,0,4,1,3,0,0,0,3,1,2,0,0,0,417
57,Top Mid Left Side,Hunter,4,3,1,0,0,0,3,1,2,0,0,0,1,2,-1,0,0,0,417
58,Close Left CT A Ramp,Hunter,2,2,0,0,0,0,1,1,0,0,0,0,1,1,0,0,0,0,417
59,Catwalk Plant B Site,Hunter,6,0,6,0,0,0,4,0,4,0,0,0,2,0,2,0,0,0,417
60,T Deep apps,Hunter,0,3,-3,0,0,0,0,3,-3,0,0,0,0,0,0,0,0,0,417
61,Jungle Plant,Hunter,1,1,0,0,0,0,0,1,-1,0,0,0,1,0,1,0,0,0,417
62,Under balcony,Hunter,1,0,1,0,0,0,0,0,0,0,0,0,1,0,1,0,0,0,417
63,Stairs Palace Peek,Hunter,4,3,1,0,0,0,1,0,1,0,0,0,3,3,0,0,0,0,417
64,Top Van,Hunter,1,1,0,0,0,0,0,0,0,0,0,0,1,1,0,0,0,0,417
65,CT Spawn,Hunter,2,1,1,0,0,0,0,1,-1,0,0,0,2,0,2,0,0,0,417
66,Semi Elevated CT Van,Hunter,0,1,-1,0,0,0,0,1,-1,0,0,0,0,0,0,0,0,0,417
67,Deep T Spawn T Ramp,Hunter,0,0,0,0,0,0,0,0,0,0,0,0,0,0,0,0,0,0,417
68,Right Side Connector,Hunter,5,0,5,0,0,0,1,0,1,0,0,0,4,0,4,0,0,0,417
69,Register Market,Hunter,0,0,0,0,0,0,0,0,0,0,0,0,0,0,0,0,0,0,417
70,Safe Plant B Site,Hunter,0,2,-2,0,0,0,0,0,0,0,0,0,0,2,-2,0,0,0,417
71,Chair,Hunter,0,1,-1,0,0,0,0,1,-1,0,0,0,0,0,0,0,0,0,417
72,Right Side Platform,Hunter,3,1,2,0,0,0,1,0,1,0,0,0,2,1,1,0,0,0,417
73,Bottom Mid Boosting Snipers,Hunter,1,2,-1,0,0,0,0,0,0,0,0,0,1,2,-1,0,0,0,417
74,Bench Closer To Jungle,Hunter,3,1,2,0,0,0,0,0,0,0,0,0,3,1,2,0,0,0,417
75,T Spawn A Ramp,Hunter,4,0,4,0,0,0,2,0,2,0,0,0,2,0,2,0,0,0,417
76,T Spawn,Hunter,3,0,3,0,0,0,2,0,2,0,0,0,1,0,1,0,0,0,417
77,Bench Closer to Tribox,Hunter,2,1,1,0,0,0,2,0,2,0,0,0,0,1,-1,0,0,0,417
78,BankExterior,Hunter,0,1,-1,1872,1498,374,0,1,-1,1010,937,73,0,0,0,862,561,301,417
79,Top Mid Boxes Right Side Peek,Hunter,0,0,0,0,0,0,0,0,0,0,0,0,0,0,0,0,0,0,417
80,Close A Ramp,Hunter,2,0,2,0,0,0,0,0,0,0,0,0,2,0,2,0,0,0,417
81,Tucked in corner Market,Hunter,1,0,1,0,0,0,1,0,1,0,0,0,0,0,0,0,0,0,417
82,Balcony Boaxes,Hunter,0,1,-1,0,0,0,0,1,-1,0,0,0,0,0,0,0,0,0,417
83,Close Right Market Window,Hunter,2,0,2,0,0,0,0,0,0,0,0,0,2,0,2,0,0,0,417
84,Top Mid Boxes Left Side Peek,Hunter,0,0,0,0,0,0,0,0,0,0,0,0,0,0,0,0,0,0,417
85,Close Market Window,Hunter,0,1,-1,0,0,0,0,1,-1,0,0,0,0,0,0,0,0,0,417
86,T apps entrance close left,Hunter,0,1,-1,0,0,0,0,0,0,0,0,0,0,1,-1,0,0,0,417
87,B site Market Plant,Hunter,2,0,2,0,0,0,1,0,1,0,0,0,1,0,1,0,0,0,417
88,Foyer,Hunter,0,1,-1,542,400,142,0,1,-1,452,400,52,0,0,0,90,0,90,417
89,Elevated Snipers Awp Peek,Hunter,1,1,0,0,0,0,1,0,1,0,0,0,0,1,-1,0,0,0,417
90,Flowerpot CT,Hunter,0,0,0,0,0,0,0,0,0,0,0,0,0,0,0,0,0,0,417
91,Middle Bench,Hunter,6,1,5,0,0,0,0,0,0,0,0,0,6,1,5,0,0,0,417
92,Default A,Nexa,14,19,-5,0,0,0,6,7,-1,0,0,0,8,12,-4,0,0,0,417
93,Ticketbooth ,Nexa,27,19,8,0,0,0,26,18,8,0,0,0,1,1,0,0,0,0,417
94,A Site,Nexa,12,16,-4,0,0,0,7,5,2,0,0,0,5,11,-6,0,0,0,417
95,Top Balcony,Nexa,19,12,7,0,0,0,6,5,1,0,0,0,13,7,6,0,0,0,417
96,A Ramp,Nexa,10,12,-2,0,0,0,7,4,3,0,0,0,3,8,-5,0,0,0,417
97,Deep Jungle,Nexa,6,7,-1,0,0,0,3,4,-1,0,0,0,3,3,0,0,0,0,417
98,Tetris,Nexa,12,12,0,0,0,0,7,3,4,0,0,0,5,9,-4,0,0,0,417
99,Triple Box,Nexa,6,7,-1,0,0,0,2,4,-2,0,0,0,4,3,1,0,0,0,417
100,Close A Ramp,Nexa,16,16,0,0,0,0,9,11,-2,0,0,0,7,5,2,0,0,0,417
101,CT Side Apps,Nexa,10,11,-1,0,0,0,1,0,1,0,0,0,9,11,-2,0,0,0,417
102,Bench,Nexa,4,8,-4,0,0,0,1,2,-1,0,0,0,3,6,-3,0,0,0,417
103,Left Side Platform,Nexa,4,8,-4,0,0,0,0,0,0,0,0,0,4,8,-4,0,0,0,417
104,Top Mid,Nexa,6,12,-6,0,0,0,2,3,-1,0,0,0,4,9,-5,0,0,0,417
105,Back B Site Peeking Apps/Plat,Nexa,7,6,1,0,0,0,0,1,-1,0,0,0,7,5,2,0,0,0,417
106,Bottom Stairs,Nexa,12,8,4,0,0,0,6,5,1,0,0,0,6,3,3,0,0,0,417
107,T Palace Stairs Peek,Nexa,4,5,-1,0,0,0,2,1,1,0,0,0,2,4,-2,0,0,0,417
108,T Spawn A Ramp,Nexa,6,7,-1,0,0,0,6,3,3,0,0,0,0,4,-4,0,0,0,417
109,A Site Exposed to Stairs Connector Cat,Nexa,2,9,-7,0,0,0,1,2,-1,0,0,0,1,7,-6,0,0,0,417
110,Deep Catwalk,Nexa,3,6,-3,0,0,0,0,1,-1,0,0,0,3,5,-2,0,0,0,417
111,T Spawn,Nexa,2,4,-2,0,0,0,1,3,-2,0,0,0,1,1,0,0,0,0,417
112,Underneath B apps plat,Nexa,2,5,-3,0,0,0,0,0,0,0,0,0,2,5,-3,0,0,0,417
113,Ladder Room Catwalk Side,Nexa,7,4,3,0,0,0,3,2,1,0,0,0,4,2,2,0,0,0,417
114,Mid Close Connector,Nexa,6,6,0,0,0,0,5,2,3,0,0,0,1,4,-3,0,0,0,417
115,Snipers Nest,Nexa,3,4,-1,0,0,0,3,3,0,0,0,0,0,1,-1,0,0,0,417
116,CT Catwalk,Nexa,12,6,6,0,0,0,7,2,5,0,0,0,5,4,1,0,0,0,417
117,Deep CT,Nexa,2,3,-1,0,0,0,2,2,0,0,0,0,0,1,-1,0,0,0,417
118,Under balcony,Nexa,4,7,-3,0,0,0,4,4,0,0,0,0,0,3,-3,0,0,0,417
119,CT Deep Catwalk Mid peek,Nexa,3,6,-3,0,0,0,3,3,0,0,0,0,0,3,-3,0,0,0,417
120,Catwalk T Aparments Peek,Nexa,4,3,1,0,0,0,1,1,0,0,0,0,3,2,1,0,0,0,417
121,Jungle Plant,Nexa,3,5,-2,0,0,0,0,1,-1,0,0,0,3,4,-1,0,0,0,417
122,Arch,Nexa,6,3,3,0,0,0,4,0,4,0,0,0,2,3,-1,0,0,0,417
123,Deep Palace,Nexa,3,6,-3,0,0,0,1,3,-2,0,0,0,2,3,-1,0,0,0,417
124,Firebox,Nexa,6,3,3,0,0,0,5,0,5,0,0,0,1,3,-2,0,0,0,417
125,Close Market door,Nexa,8,4,4,0,0,0,8,4,4,0,0,0,0,0,0,0,0,0,417
126,Top Mid Left Side,Nexa,3,6,-3,0,0,0,0,0,0,0,0,0,3,6,-3,0,0,0,417
127,Sandwhich,Nexa,3,4,-1,0,0,0,0,0,0,0,0,0,3,4,-1,0,0,0,417
128,market,Nexa,3,2,1,0,0,0,3,2,1,0,0,0,0,0,0,0,0,0,417
129,Catwalk Connector Peek,Nexa,2,4,-2,0,0,0,0,0,0,0,0,0,2,4,-2,0,0,0,417
130,Catwalk Plant B Site,Nexa,2,2,0,0,0,0,0,0,0,0,0,0,2,2,0,0,0,0,417
131,Market Window Peek,Nexa,2,4,-2,0,0,0,2,4,-2,0,0,0,0,0,0,0,0,0,417
132,Back Right B Site from T's Perspective,Nexa,0,3,-3,0,0,0,0,3,-3,0,0,0,0,0,0,0,0,0,417
133,Stairs Palace Peek,Nexa,1,3,-2,0,0,0,0,1,-1,0,0,0,1,2,-1,0,0,0,417
134,Bottom Connector,Nexa,2,2,0,0,0,0,0,0,0,0,0,0,2,2,0,0,0,0,417
135,Deep T Apps Underpass STairs,Nexa,1,3,-2,0,0,0,0,1,-1,0,0,0,1,2,-1,0,0,0,417
136,Top Connector,Nexa,1,4,-3,0,0,0,0,1,-1,0,0,0,1,3,-2,0,0,0,417
137,B site Market Plant,Nexa,3,1,2,0,0,0,2,0,2,0,0,0,1,1,0,0,0,0,417
138,T Deep Apps Underpass/Apps Peek,Nexa,1,2,-1,0,0,0,0,1,-1,0,0,0,1,1,0,0,0,0,417
139,Close Right Market Window,Nexa,1,2,-1,0,0,0,1,0,1,0,0,0,0,2,-2,0,0,0,417
140,Deep T Apps,Nexa,8,2,6,0,0,0,0,0,0,0,0,0,8,2,6,0,0,0,417
141,Top Mid Catwalk,Nexa,1,2,-1,0,0,0,1,1,0,0,0,0,0,1,-1,0,0,0,417
142,B Site Default Plant,Nexa,2,1,1,0,0,0,1,0,1,0,0,0,1,1,0,0,0,0,417
143,Left Side corner deep jungle,Nexa,1,1,0,0,0,0,0,0,0,0,0,0,1,1,0,0,0,0,417
144,Ninja,Nexa,5,3,2,0,0,0,4,3,1,0,0,0,1,0,1,0,0,0,417
145,T Spawn towards Apps,Nexa,2,3,-1,0,0,0,0,2,-2,0,0,0,2,1,1,0,0,0,417
146,B Bombsite Cross to Catwalk,Nexa,5,1,4,0,0,0,0,0,0,0,0,0,5,1,4,0,0,0,417
147,Leftside Connector,Nexa,2,2,0,0,0,0,2,2,0,0,0,0,0,0,0,0,0,0,417
148,Deep T Spawn T Ramp,Nexa,0,0,0,0,0,0,0,0,0,0,0,0,0,0,0,0,0,0,417
149,Forest,Nexa,2,3,-1,0,0,0,0,1,-1,0,0,0,2,2,0,0,0,0,417
150,Snipers Palace Peek,Nexa,3,3,0,0,0,0,3,3,0,0,0,0,0,0,0,0,0,0,417
151,Bottom Mid Ladder Room Peek,Nexa,1,0,1,0,0,0,0,0,0,0,0,0,1,0,1,0,0,0,417
152,Connector behind box,Nexa,2,1,1,0,0,0,1,1,0,0,0,0,1,0,1,0,0,0,417
153,Back Left B Site From T's' Perspective,Nexa,2,0,2,0,0,0,1,0,1,0,0,0,1,0,1,0,0,0,417
154,Top STairs,Nexa,1,0,1,0,0,0,0,0,0,0,0,0,1,0,1,0,0,0,417
155,Inside Market Doors,Nexa,1,1,0,0,0,0,1,1,0,0,0,0,0,0,0,0,0,0,417
156,Underpass,Nexa,0,2,-2,0,0,0,0,0,0,0,0,0,0,2,-2,0,0,0,417
157,T Deep apps,Nexa,3,2,1,0,0,0,2,1,1,0,0,0,1,1,0,0,0,0,417
158,Bench Closer To Jungle,Nexa,0,1,-1,0,0,0,0,0,0,0,0,0,0,1,-1,0,0,0,417
159,Chair,Nexa,1,1,0,0,0,0,0,0,0,0,0,0,1,1,0,0,0,0,417
160,Under window B apps,Nexa,1,2,-1,0,0,0,1,1,0,0,0,0,0,1,-1,0,0,0,417
161,Murder Hole,Nexa,0,0,0,0,0,0,0,0,0,0,0,0,0,0,0,0,0,0,417
162,Right Side Platform,Nexa,3,0,3,0,0,0,0,0,0,0,0,0,3,0,3,0,0,0,417
163,Apartments Right CT Corner,Nexa,1,1,0,0,0,0,0,0,0,0,0,0,1,1,0,0,0,0,417
164,Van Barrel Peek,Nexa,2,0,2,0,0,0,0,0,0,0,0,0,2,0,2,0,0,0,417
165,Middle Bench,Nexa,1,1,0,0,0,0,0,0,0,0,0,0,1,1,0,0,0,0,417
166,CT Left Side,Nexa,3,0,3,0,0,0,1,0,1,0,0,0,2,0,2,0,0,0,417
167,Close Left CT A Ramp,Nexa,9,1,8,0,0,0,2,1,1,0,0,0,7,0,7,0,0,0,417
168,Register Market,Nexa,1,2,-1,0,0,0,1,2,-1,0,0,0,0,0,0,0,0,0,417
169,Bench Closer to Tribox,Nexa,0,0,0,0,0,0,0,0,0,0,0,0,0,0,0,0,0,0,417
170,Right Side Connector,Nexa,0,1,-1,0,0,0,0,0,0,0,0,0,0,1,-1,0,0,0,417
171,Balcony Boaxes,Nexa,2,0,2,0,0,0,2,0,2,0,0,0,0,0,0,0,0,0,417
172,Close Market Window,Nexa,0,0,0,0,0,0,0,0,0,0,0,0,0,0,0,0,0,0,417
173,Top Mid towards Apps,Nexa,1,0,1,0,0,0,0,0,0,0,0,0,1,0,1,0,0,0,417
174,Elevated Snipers Awp Peek,Nexa,0,0,0,0,0,0,0,0,0,0,0,0,0,0,0,0,0,0,417
175,Top Mid Boxes Left Side Peek,Nexa,0,1,-1,0,0,0,0,0,0,0,0,0,0,1,-1,0,0,0,417
176,T Apps TV,Nexa,1,1,0,0,0,0,0,1,-1,0,0,0,1,0,1,0,0,0,417
177,Semi Elevated CT Van,Nexa,0,1,-1,0,0,0,0,0,0,0,0,0,0,1,-1,0,0,0,417
178,Top Van,Nexa,1,1,0,0,0,0,1,1,0,0,0,0,0,0,0,0,0,0,417
179,Safe Plant B Site,Nexa,0,0,0,0,0,0,0,0,0,0,0,0,0,0,0,0,0,0,417
180,Headshot Angle Close A Ramp,Nexa,0,0,0,0,0,0,0,0,0,0,0,0,0,0,0,0,0,0,417
181,CT Spawn,Nexa,2,1,1,0,0,0,2,1,1,0,0,0,0,0,0,0,0,0,417
182,CT Outside Market,Nexa,1,1,0,0,0,0,1,0,1,0,0,0,0,1,-1,0,0,0,417
183,Top Mid Right Side,Nexa,0,1,-1,0,0,0,0,0,0,0,0,0,0,1,-1,0,0,0,417
184,Ticketbooth ,Niko,16,13,3,0,0,0,11,10,1,0,0,0,5,3,2,0,0,0,417
185,Bottom Stairs,Niko,14,26,-12,0,0,0,12,18,-6,0,0,0,2,8,-6,0,0,0,417
186,T Palace Stairs Peek,Niko,10,17,-7,0,0,0,2,3,-1,0,0,0,8,14,-6,0,0,0,417
187,Top Balcony,Niko,22,13,9,0,0,0,0,1,-1,0,0,0,22,12,10,0,0,0,417
188,Default A,Niko,16,12,4,0,0,0,13,8,5,0,0,0,3,4,-1,0,0,0,417
189,A Ramp,Niko,16,13,3,0,0,0,4,1,3,0,0,0,12,12,0,0,0,0,417
190,Mid Close Connector,Niko,1,9,-8,0,0,0,0,4,-4,0,0,0,1,5,-4,0,0,0,417
191,Deep Jungle,Niko,11,13,-2,0,0,0,11,12,-1,0,0,0,0,1,-1,0,0,0,417
192,Deep Catwalk,Niko,11,9,2,0,0,0,1,1,0,0,0,0,10,8,2,0,0,0,417
193,Snipers Nest,Niko,20,10,10,0,0,0,19,8,11,0,0,0,1,2,-1,0,0,0,417
194,CT Side Apps,Niko,12,12,0,0,0,0,3,2,1,0,0,0,9,10,-1,0,0,0,417
195,Right Side Connector,Niko,5,8,-3,0,0,0,3,6,-3,0,0,0,2,2,0,0,0,0,417
196,Deep Palace,Niko,11,10,1,0,0,0,4,1,3,0,0,0,7,9,-2,0,0,0,417
197,Top Mid Left Side,Niko,6,11,-5,0,0,0,1,1,0,0,0,0,5,10,-5,0,0,0,417
198,A Site,Niko,3,8,-5,0,0,0,1,3,-2,0,0,0,2,5,-3,0,0,0,417
199,A Site Exposed to Stairs Connector Cat,Niko,5,6,-1,0,0,0,3,1,2,0,0,0,2,5,-3,0,0,0,417
200,Close A Ramp,Niko,5,7,-2,0,0,0,2,2,0,0,0,0,3,5,-2,0,0,0,417
201,Deep CT,Niko,5,6,-1,0,0,0,4,6,-2,0,0,0,1,0,1,0,0,0,417
202,CT Catwalk,Niko,11,4,7,126,62,64,3,1,2,126,62,64,8,3,5,0,0,0,417
203,Triple Box,Niko,6,6,0,0,0,0,3,4,-1,0,0,0,3,2,1,0,0,0,417
204,Catwalk T Aparments Peek,Niko,10,7,3,0,0,0,3,4,-1,0,0,0,7,3,4,0,0,0,417
205,Catwalk Connector Peek,Niko,8,7,1,0,0,0,1,2,-1,0,0,0,7,5,2,0,0,0,417
206,Top Mid Catwalk,Niko,4,4,0,0,0,0,0,0,0,0,0,0,4,4,0,0,0,0,417
207,Left Side corner deep jungle,Niko,8,7,1,0,0,0,6,7,-1,0,0,0,2,0,2,0,0,0,417
208,Market Window Peek,Niko,7,2,5,0,0,0,7,2,5,0,0,0,0,0,0,0,0,0,417
209,Top Mid,Niko,13,5,8,0,0,0,7,4,3,0,0,0,6,1,5,0,0,0,417
210,CT Deep Catwalk Mid peek,Niko,4,3,1,0,0,0,1,2,-1,0,0,0,3,1,2,0,0,0,417
211,Close Market door,Niko,3,3,0,0,0,0,3,3,0,0,0,0,0,0,0,0,0,0,417
212,Underpass,Niko,4,4,0,0,0,0,0,2,-2,0,0,0,4,2,2,0,0,0,417
213,Leftside Connector,Niko,7,6,1,0,0,0,3,4,-1,0,0,0,4,2,2,0,0,0,417
214,CT Left Side,Niko,1,4,-3,0,0,0,0,3,-3,0,0,0,1,1,0,0,0,0,417
215,Top Connector,Niko,3,4,-1,0,0,0,2,1,1,0,0,0,1,3,-2,0,0,0,417
216,Left Side Platform,Niko,3,3,0,0,0,0,1,0,1,0,0,0,2,3,-1,0,0,0,417
217,Bottom Connector,Niko,13,5,8,0,0,0,5,1,4,0,0,0,8,4,4,0,0,0,417
218,B Bombsite Cross to Catwalk,Niko,3,4,-1,0,0,0,2,0,2,0,0,0,1,4,-3,0,0,0,417
219,Arch,Niko,6,3,3,0,0,0,0,1,-1,0,0,0,6,2,4,0,0,0,417
220,Deep T Apps,Niko,0,6,-6,0,0,0,0,1,-1,0,0,0,0,5,-5,0,0,0,417
221,Stairs Palace Peek,Niko,6,4,2,0,0,0,3,4,-1,0,0,0,3,0,3,0,0,0,417
222,Inside Market Doors,Niko,4,3,1,0,0,0,4,2,2,0,0,0,0,1,-1,0,0,0,417
223,Catwalk Plant B Site,Niko,1,3,-2,0,0,0,0,2,-2,0,0,0,1,1,0,0,0,0,417
224,market,Niko,2,4,-2,0,0,0,2,4,-2,0,0,0,0,0,0,0,0,0,417
225,Snipers Palace Peek,Niko,7,5,2,0,0,0,6,4,2,0,0,0,1,1,0,0,0,0,417
226,Connector behind box,Niko,6,4,2,0,0,0,6,3,3,0,0,0,0,1,-1,0,0,0,417
227,Under balcony,Niko,4,4,0,0,0,0,1,1,0,0,0,0,3,3,0,0,0,0,417
228,Close Left CT A Ramp,Niko,5,2,3,0,0,0,2,1,1,0,0,0,3,1,2,0,0,0,417
229,Bench,Niko,1,1,0,0,0,0,1,0,1,0,0,0,0,1,-1,0,0,0,417
230,Back Left B Site From T's' Perspective,Niko,3,3,0,0,0,0,2,3,-1,0,0,0,1,0,1,0,0,0,417
231,Tetris,Niko,4,2,2,0,0,0,0,0,0,0,0,0,4,2,2,0,0,0,417
232,Top STairs,Niko,2,4,-2,0,0,0,2,1,1,0,0,0,0,3,-3,0,0,0,417
233,T Deep Apps Underpass/Apps Peek,Niko,1,4,-3,0,0,0,0,2,-2,0,0,0,1,2,-1,0,0,0,417
234,Back B Site Peeking Apps/Plat,Niko,7,3,4,0,0,0,2,0,2,0,0,0,5,3,2,0,0,0,417
235,Top Mid towards Apps,Niko,4,1,3,0,0,0,0,0,0,0,0,0,4,1,3,0,0,0,417
236,Jungle Plant,Niko,1,1,0,0,0,0,0,1,-1,0,0,0,1,0,1,0,0,0,417
237,Sandwhich,Niko,3,1,2,0,0,0,1,0,1,0,0,0,2,1,1,0,0,0,417
238,Forest,Niko,0,1,-1,0,0,0,0,0,0,0,0,0,0,1,-1,0,0,0,417
239,CT Outside Market,Niko,3,2,1,0,0,0,2,1,1,0,0,0,1,1,0,0,0,0,417
240,Underneath B apps plat,Niko,6,0,6,0,0,0,2,0,2,0,0,0,4,0,4,0,0,0,417
241,B Site Default Plant,Niko,1,1,0,0,0,0,0,0,0,0,0,0,1,1,0,0,0,0,417
242,Top Mid Boxes Left Side Peek,Niko,1,3,-2,0,0,0,0,0,0,0,0,0,1,3,-2,0,0,0,417
243,Ladder Room Catwalk Side,Niko,0,0,0,0,0,0,0,0,0,0,0,0,0,0,0,0,0,0,417
244,Murder Hole,Niko,1,2,-1,0,0,0,1,1,0,0,0,0,0,1,-1,0,0,0,417
245,Register Market,Niko,0,2,-2,0,0,0,0,1,-1,0,0,0,0,1,-1,0,0,0,417
246,Close Right Market Window,Niko,2,1,1,0,0,0,1,1,0,0,0,0,1,0,1,0,0,0,417
247,Firebox,Niko,8,1,7,0,0,0,5,1,4,0,0,0,3,0,3,0,0,0,417
248,T Spawn A Ramp,Niko,9,2,7,0,0,0,0,0,0,0,0,0,9,2,7,0,0,0,417
249,Top Mid Boxes Right Side Peek,Niko,3,0,3,0,0,0,0,0,0,0,0,0,3,0,3,0,0,0,417
250,Behind Big Boxes,Niko,1,0,1,0,0,0,0,0,0,0,0,0,1,0,1,0,0,0,417
251,B site Market Plant,Niko,1,0,1,0,0,0,0,0,0,0,0,0,1,0,1,0,0,0,417
252,T Apps TV,Niko,0,0,0,0,0,0,0,0,0,0,0,0,0,0,0,0,0,0,417
253,Deep T Spawn T Ramp,Niko,0,1,-1,0,0,0,0,0,0,0,0,0,0,1,-1,0,0,0,417
254,Bottom Mid Ladder Room Peek,Niko,1,1,0,0,0,0,1,0,1,0,0,0,0,1,-1,0,0,0,417
255,Right Side Snipers Nest,Niko,1,0,1,0,0,0,1,0,1,0,0,0,0,0,0,0,0,0,417
256,Back Right B Site from T's Perspective,Niko,2,1,1,0,0,0,1,1,0,0,0,0,1,0,1,0,0,0,417
257,Right Side Platform,Niko,0,0,0,0,0,0,0,0,0,0,0,0,0,0,0,0,0,0,417
258,Balcony Boaxes,Niko,3,1,2,0,0,0,2,1,1,0,0,0,1,0,1,0,0,0,417
259,Ninja,Niko,1,1,0,0,0,0,1,1,0,0,0,0,0,0,0,0,0,0,417
260,Deep T Apps Underpass STairs,Niko,2,1,1,0,0,0,1,1,0,0,0,0,1,0,1,0,0,0,417
261,Under window B apps,Niko,0,0,0,0,0,0,0,0,0,0,0,0,0,0,0,0,0,0,417
262,CT Spawn,Niko,1,1,0,0,0,0,1,1,0,0,0,0,0,0,0,0,0,0,417
263,Van Barrel Peek,Niko,1,1,0,0,0,0,1,0,1,0,0,0,0,1,-1,0,0,0,417
264,Elevated Snipers Awp Peek,Niko,0,1,-1,0,0,0,0,1,-1,0,0,0,0,0,0,0,0,0,417
265,Bottom Mid Boosting Snipers,Niko,0,1,-1,0,0,0,0,0,0,0,0,0,0,1,-1,0,0,0,417
266,T Spawn,Niko,1,0,1,0,0,0,1,0,1,0,0,0,0,0,0,0,0,0,417
267,Underpass Peek from Snipers,Niko,0,0,0,0,0,0,0,0,0,0,0,0,0,0,0,0,0,0,417
268,Apartments Right CT Corner,Niko,1,1,0,0,0,0,0,0,0,0,0,0,1,1,0,0,0,0,417
269,T apps entrance close left,Niko,0,1,-1,0,0,0,0,1,-1,0,0,0,0,0,0,0,0,0,417
270,Close Market Window,Niko,2,1,1,0,0,0,2,1,1,0,0,0,0,0,0,0,0,0,417
271,BankInterior,Niko,0,1,-1,217,163,54,0,0,0,117,151,-34,0,1,-1,100,12,88,417
272,T Deep apps,Niko,1,1,0,0,0,0,0,0,0,0,0,0,1,1,0,0,0,0,417
273,T Spawn towards Apps,Niko,1,0,1,0,0,0,0,0,0,0,0,0,1,0,1,0,0,0,417
274,Bench Closer to Tribox,Niko,0,0,0,0,0,0,0,0,0,0,0,0,0,0,0,0,0,0,417
275,CT Side Apps,Amanek,7,24,-17,0,0,0,4,4,0,0,0,0,3,20,-17,0,0,0,417
276,Deep T Apps,Amanek,9,10,-1,0,0,0,0,2,-2,0,0,0,9,8,1,0,0,0,417
277,Default A,Amanek,13,7,6,0,0,0,9,2,7,0,0,0,4,5,-1,0,0,0,417
278,Underneath B apps plat,Amanek,16,15,1,0,0,0,14,13,1,0,0,0,2,2,0,0,0,0,417
279,CT Catwalk,Amanek,4,7,-3,0,0,0,2,5,-3,0,0,0,2,2,0,0,0,0,417
280,A Site,Amanek,5,11,-6,0,0,0,0,2,-2,0,0,0,5,9,-4,0,0,0,417
281,B Bombsite Cross to Catwalk,Amanek,17,11,6,0,0,0,2,0,2,0,0,0,15,11,4,0,0,0,417
282,Ticketbooth ,Amanek,23,12,11,0,0,0,22,12,10,0,0,0,1,0,1,0,0,0,417
283,Bench,Amanek,11,12,-1,16,0,16,11,11,0,16,0,16,0,1,-1,0,0,0,417
284,Bottom Stairs,Amanek,4,8,-4,0,0,0,0,2,-2,0,0,0,4,6,-2,0,0,0,417
285,Top Balcony,Amanek,4,9,-5,0,0,0,1,2,-1,0,0,0,3,7,-4,0,0,0,417
286,A Ramp,Amanek,7,6,1,0,0,0,2,2,0,0,0,0,5,4,1,0,0,0,417
287,Deep Jungle,Amanek,8,9,-1,0,0,0,2,0,2,0,0,0,6,9,-3,0,0,0,417
288,Left Side Platform,Amanek,8,8,0,0,0,0,3,4,-1,0,0,0,5,4,1,0,0,0,417
289,Deep CT,Amanek,4,11,-7,0,0,0,2,9,-7,0,0,0,2,2,0,0,0,0,417
290,Mid Close Connector,Amanek,2,10,-8,0,0,0,1,4,-3,0,0,0,1,6,-5,0,0,0,417
291,Close Left CT A Ramp,Amanek,0,6,-6,0,0,0,0,0,0,0,0,0,0,6,-6,0,0,0,417
292,Close Market door,Amanek,11,3,8,0,0,0,2,2,0,0,0,0,9,1,8,0,0,0,417
293,Arch,Amanek,5,5,0,0,0,0,4,2,2,0,0,0,1,3,-2,0,0,0,417
294,Triple Box,Amanek,3,8,-5,0,0,0,2,4,-2,0,0,0,1,4,-3,0,0,0,417
295,T Palace Stairs Peek,Amanek,5,8,-3,0,0,0,1,2,-1,0,0,0,4,6,-2,0,0,0,417
296,B site Market Plant,Amanek,3,4,-1,38,95,-57,0,2,-2,38,95,-57,3,2,1,0,0,0,417
297,Catwalk T Aparments Peek,Amanek,3,5,-2,0,0,0,2,4,-2,0,0,0,1,1,0,0,0,0,417
298,Snipers Palace Peek,Amanek,0,4,-4,0,0,0,0,3,-3,0,0,0,0,1,-1,0,0,0,417
299,Snipers Nest,Amanek,7,6,1,0,0,0,5,5,0,0,0,0,2,1,1,0,0,0,417
300,Top Mid,Amanek,1,8,-7,0,0,0,0,1,-1,0,0,0,1,7,-6,0,0,0,417
301,Underpass,Amanek,2,8,-6,0,0,0,2,2,0,0,0,0,0,6,-6,0,0,0,417
302,CT Deep Catwalk Mid peek,Amanek,3,5,-2,0,0,0,3,4,-1,0,0,0,0,1,-1,0,0,0,417
303,Catwalk Plant B Site,Amanek,4,7,-3,0,0,0,1,2,-1,0,0,0,3,5,-2,0,0,0,417
304,Back B Site Peeking Apps/Plat,Amanek,4,4,0,14,0,14,4,4,0,14,0,14,0,0,0,0,0,0,417
305,A Site Exposed to Stairs Connector Cat,Amanek,5,5,0,0,0,0,3,1,2,0,0,0,2,4,-2,0,0,0,417
306,Right Side Connector,Amanek,2,5,-3,0,0,0,0,1,-1,0,0,0,2,4,-2,0,0,0,417
307,Deep T Apps Underpass STairs,Amanek,1,3,-2,0,0,0,0,0,0,0,0,0,1,3,-2,0,0,0,417
308,Under balcony,Amanek,0,3,-3,0,0,0,0,1,-1,0,0,0,0,2,-2,0,0,0,417
309,Under window B apps,Amanek,4,6,-2,0,0,0,1,1,0,0,0,0,3,5,-2,0,0,0,417
310,CT Outside Market,Amanek,3,5,-2,0,0,0,1,2,-1,0,0,0,2,3,-1,0,0,0,417
311,Top Mid Left Side,Amanek,2,2,0,0,0,0,0,0,0,0,0,0,2,2,0,0,0,0,417
312,market,Amanek,3,2,1,0,0,0,2,1,1,0,0,0,1,1,0,0,0,0,417
313,Sandwhich,Amanek,1,2,-1,0,0,0,0,0,0,0,0,0,1,2,-1,0,0,0,417
314,CT Spawn,Amanek,2,5,-3,0,0,0,0,3,-3,0,0,0,2,2,0,0,0,0,417
315,Top STairs,Amanek,3,4,-1,0,0,0,2,2,0,0,0,0,1,2,-1,0,0,0,417
316,Inside Market Doors,Amanek,3,2,1,0,0,0,0,2,-2,0,0,0,3,0,3,0,0,0,417
317,Apartments Right CT Corner,Amanek,0,2,-2,0,0,0,0,0,0,0,0,0,0,2,-2,0,0,0,417
318,B Site Default Plant,Amanek,0,4,-4,0,0,0,0,1,-1,0,0,0,0,3,-3,0,0,0,417
319,Market Window Peek,Amanek,4,2,2,0,0,0,3,2,1,0,0,0,1,0,1,0,0,0,417
320,Tetris,Amanek,4,4,0,0,0,0,1,0,1,0,0,0,3,4,-1,0,0,0,417
321,Deep Palace,Amanek,1,4,-3,0,0,0,1,1,0,0,0,0,0,3,-3,0,0,0,417
322,Jungle Plant,Amanek,1,3,-2,0,0,0,1,1,0,0,0,0,0,2,-2,0,0,0,417
323,Back Left B Site From T's' Perspective,Amanek,4,1,3,0,0,0,3,1,2,0,0,0,1,0,1,0,0,0,417
324,Top Connector,Amanek,3,1,2,0,0,0,1,0,1,0,0,0,2,1,1,0,0,0,417
325,Bottom Connector,Amanek,1,3,-2,0,0,0,1,0,1,0,0,0,0,3,-3,0,0,0,417
326,Murder Hole,Amanek,1,1,0,0,0,0,1,1,0,0,0,0,0,0,0,0,0,0,417
327,Catwalk Connector Peek,Amanek,2,2,0,0,0,0,0,0,0,0,0,0,2,2,0,0,0,0,417
328,Close Right Market Window,Amanek,6,4,2,0,0,0,3,0,3,0,0,0,3,4,-1,0,0,0,417
329,Back Right B Site from T's Perspective,Amanek,0,1,-1,0,0,0,0,0,0,0,0,0,0,1,-1,0,0,0,417
330,Bench Closer To Jungle,Amanek,1,3,-2,0,0,0,0,0,0,0,0,0,1,3,-2,0,0,0,417
331,Close A Ramp,Amanek,1,2,-1,0,0,0,1,0,1,0,0,0,0,2,-2,0,0,0,417
332,T Deep Apps Underpass/Apps Peek,Amanek,3,2,1,0,0,0,1,0,1,0,0,0,2,2,0,0,0,0,417
333,T Spawn A Ramp,Amanek,1,2,-1,0,0,0,1,0,1,0,0,0,0,2,-2,0,0,0,417
334,Deep Catwalk,Amanek,5,3,2,0,0,0,2,1,1,0,0,0,3,2,1,0,0,0,417
335,Right Side Platform,Amanek,0,2,-2,0,0,0,0,2,-2,0,0,0,0,0,0,0,0,0,417
336,Ladder Room Catwalk Side,Amanek,2,2,0,0,0,0,0,0,0,0,0,0,2,2,0,0,0,0,417
337,Middle Bench,Amanek,2,3,-1,0,0,0,0,0,0,0,0,0,2,3,-1,0,0,0,417
338,Left Side corner deep jungle,Amanek,0,1,-1,0,0,0,0,1,-1,0,0,0,0,0,0,0,0,0,417
339,Firebox,Amanek,3,3,0,0,0,0,0,0,0,0,0,0,3,3,0,0,0,0,417
340,Stairs Palace Peek,Amanek,3,1,2,0,0,0,3,1,2,0,0,0,0,0,0,0,0,0,417
341,Leftside Connector,Amanek,1,1,0,0,0,0,1,1,0,0,0,0,0,0,0,0,0,0,417
342,Forest,Amanek,3,1,2,0,0,0,2,1,1,0,0,0,1,0,1,0,0,0,417
343,Van Barrel Peek,Amanek,1,1,0,0,0,0,1,1,0,0,0,0,0,0,0,0,0,0,417
344,Bench Closer to Tribox,Amanek,1,2,-1,0,0,0,1,0,1,0,0,0,0,2,-2,0,0,0,417
345,Top Van,Amanek,0,1,-1,0,0,0,0,0,0,0,0,0,0,1,-1,0,0,0,417
346,Top Mid towards Apps,Amanek,1,1,0,0,0,0,0,0,0,0,0,0,1,1,0,0,0,0,417
347,Behind Big Boxes,Amanek,0,0,0,0,0,0,0,0,0,0,0,0,0,0,0,0,0,0,417
348,T Spawn towards Apps,Amanek,2,1,1,0,0,0,0,1,-1,0,0,0,2,0,2,0,0,0,417
349,Right Side Snipers Nest,Amanek,1,0,1,0,0,0,0,0,0,0,0,0,1,0,1,0,0,0,417
350,Register Market,Amanek,0,0,0,0,0,0,0,0,0,0,0,0,0,0,0,0,0,0,417
351,Bottom Mid Boosting Snipers,Amanek,0,1,-1,0,0,0,0,0,0,0,0,0,0,1,-1,0,0,0,417
352,Ninja,Amanek,2,0,2,0,0,0,1,0,1,0,0,0,1,0,1,0,0,0,417
353,Semi Elevated CT Van,Amanek,3,1,2,0,0,0,3,1,2,0,0,0,0,0,0,0,0,0,417
354,BarnRoof,Amanek,0,1,-1,405,602,-197,0,0,0,81,379,-298,0,1,-1,324,223,101,417
355,Flowerpot CT,Amanek,0,1,-1,0,0,0,0,1,-1,0,0,0,0,0,0,0,0,0,417
356,T Spawn,Amanek,0,1,-1,0,0,0,0,1,-1,0,0,0,0,0,0,0,0,0,417
357,T Deep apps,Amanek,0,1,-1,0,0,0,0,1,-1,0,0,0,0,0,0,0,0,0,417
358,Bottom Stairs,Jackz,7,13,-6,0,0,0,5,5,0,0,0,0,2,8,-6,0,0,0,282
359,CT Catwalk,Jackz,4,7,-3,0,0,0,1,2,-1,0,0,0,3,5,-2,0,0,0,282
360,Ticketbooth ,Jackz,13,9,4,0,0,0,6,6,0,0,0,0,7,3,4,0,0,0,282
361,Left Side Platform,Jackz,5,8,-3,0,0,0,1,3,-2,0,0,0,4,5,-1,0,0,0,282
362,Default A,Jackz,8,9,-1,0,0,0,4,6,-2,0,0,0,4,3,1,0,0,0,282
363,Top Balcony,Jackz,5,7,-2,0,0,0,3,5,-2,0,0,0,2,2,0,0,0,0,282
364,CT Side Apps,Jackz,3,5,-2,0,0,0,2,0,2,0,0,0,1,5,-4,0,0,0,282
365,Deep T Apps,Jackz,5,7,-2,0,0,0,1,4,-3,0,0,0,4,3,1,0,0,0,282
366,Deep Catwalk,Jackz,0,5,-5,0,0,0,0,0,0,0,0,0,0,5,-5,0,0,0,282
367,A Site,Jackz,4,8,-4,0,0,0,1,2,-1,0,0,0,3,6,-3,0,0,0,282
368,Deep Jungle,Jackz,5,7,-2,0,0,0,4,4,0,0,0,0,1,3,-2,0,0,0,282
369,Top Mid Left Side,Jackz,5,7,-2,0,0,0,0,0,0,0,0,0,5,7,-2,0,0,0,282
370,Deep CT,Jackz,1,3,-2,0,0,0,1,2,-1,0,0,0,0,1,-1,0,0,0,282
371,Triple Box,Jackz,7,5,2,0,0,0,1,1,0,0,0,0,6,4,2,0,0,0,282
372,Sandwhich,Jackz,2,6,-4,0,0,0,0,3,-3,0,0,0,2,3,-1,0,0,0,282
373,Mid Close Connector,Jackz,3,5,-2,0,0,0,2,3,-1,0,0,0,1,2,-1,0,0,0,282
374,CT Deep Catwalk Mid peek,Jackz,5,6,-1,0,0,0,2,3,-1,0,0,0,3,3,0,0,0,0,282
375,Close A Ramp,Jackz,4,7,-3,0,0,0,1,1,0,0,0,0,3,6,-3,0,0,0,282
376,Catwalk Connector Peek,Jackz,3,6,-3,0,0,0,1,2,-1,0,0,0,2,4,-2,0,0,0,282
377,A Ramp,Jackz,2,5,-3,0,0,0,1,1,0,0,0,0,1,4,-3,0,0,0,282
378,Bottom Connector,Jackz,1,1,0,0,0,0,0,0,0,0,0,0,1,1,0,0,0,0,282
379,Close Market door,Jackz,9,4,5,0,0,0,8,3,5,0,0,0,1,1,0,0,0,0,282
380,Arch,Jackz,3,4,-1,0,0,0,2,4,-2,0,0,0,1,0,1,0,0,0,282
381,Jungle Plant,Jackz,2,4,-2,0,0,0,0,1,-1,0,0,0,2,3,-1,0,0,0,282
382,A Site Exposed to Stairs Connector Cat,Jackz,11,6,5,0,0,0,2,0,2,0,0,0,9,6,3,0,0,0,282
383,Bench,Jackz,1,4,-3,0,0,0,1,3,-2,0,0,0,0,1,-1,0,0,0,282
384,B Bombsite Cross to Catwalk,Jackz,8,6,2,0,0,0,5,4,1,0,0,0,3,2,1,0,0,0,282
385,Top Mid,Jackz,1,4,-3,0,0,0,1,1,0,0,0,0,0,3,-3,0,0,0,282
386,Back Left B Site From T's' Perspective,Jackz,2,3,-1,0,0,0,2,2,0,0,0,0,0,1,-1,0,0,0,282
387,Snipers Nest,Jackz,2,3,-1,0,0,0,1,1,0,0,0,0,1,2,-1,0,0,0,282
388,T Palace Stairs Peek,Jackz,1,2,-1,0,0,0,0,0,0,0,0,0,1,2,-1,0,0,0,282
389,Back B Site Peeking Apps/Plat,Jackz,0,3,-3,0,0,0,0,2,-2,0,0,0,0,1,-1,0,0,0,282
390,Connector behind box,Jackz,0,2,-2,0,0,0,0,2,-2,0,0,0,0,0,0,0,0,0,282
391,CT Left Side,Jackz,2,4,-2,0,0,0,0,2,-2,0,0,0,2,2,0,0,0,0,282
392,market,Jackz,2,1,1,0,0,0,0,1,-1,0,0,0,2,0,2,0,0,0,282
393,Stairs Palace Peek,Jackz,2,4,-2,0,0,0,0,4,-4,0,0,0,2,0,2,0,0,0,282
394,Catwalk Plant B Site,Jackz,4,4,0,0,0,0,2,2,0,0,0,0,2,2,0,0,0,0,282
395,Market Window Peek,Jackz,0,2,-2,0,0,0,0,2,-2,0,0,0,0,0,0,0,0,0,282
396,Ladder Room Catwalk Side,Jackz,2,2,0,0,0,0,0,0,0,0,0,0,2,2,0,0,0,0,282
397,CT Spawn,Jackz,0,3,-3,0,0,0,0,1,-1,0,0,0,0,2,-2,0,0,0,282
398,Close Left CT A Ramp,Jackz,1,1,0,0,0,0,0,0,0,0,0,0,1,1,0,0,0,0,282
399,Underneath B apps plat,Jackz,1,2,-1,0,0,0,0,1,-1,0,0,0,1,1,0,0,0,0,282
400,Top Connector,Jackz,3,2,1,0,0,0,1,0,1,0,0,0,2,2,0,0,0,0,282
401,Top Mid towards Apps,Jackz,2,2,0,0,0,0,0,0,0,0,0,0,2,2,0,0,0,0,282
402,Behind Big Boxes,Jackz,1,3,-2,0,0,0,0,0,0,0,0,0,1,3,-2,0,0,0,282
403,Back Right B Site from T's Perspective,Jackz,0,3,-3,0,0,0,0,3,-3,0,0,0,0,0,0,0,0,0,282
404,Catwalk T Aparments Peek,Jackz,4,1,3,0,0,0,1,0,1,0,0,0,3,1,2,0,0,0,282
405,Tetris,Jackz,4,2,2,0,0,0,0,0,0,0,0,0,4,2,2,0,0,0,282
406,Bench Closer To Jungle,Jackz,3,1,2,0,0,0,0,0,0,0,0,0,3,1,2,0,0,0,282
407,Snipers Palace Peek,Jackz,1,1,0,0,0,0,1,0,1,0,0,0,0,1,-1,0,0,0,282
408,Right Side Connector,Jackz,1,0,1,0,0,0,1,0,1,0,0,0,0,0,0,0,0,0,282
409,Underpass,Jackz,1,2,-1,0,0,0,1,2,-1,0,0,0,0,0,0,0,0,0,282
410,Close Right Market Window,Jackz,2,1,1,0,0,0,0,0,0,0,0,0,2,1,1,0,0,0,282
411,Inside Market Doors,Jackz,6,2,4,0,0,0,6,2,4,0,0,0,0,0,0,0,0,0,282
412,Top Mid Catwalk,Jackz,0,2,-2,0,0,0,0,0,0,0,0,0,0,2,-2,0,0,0,282
413,Deep T Apps Underpass STairs,Jackz,1,2,-1,0,0,0,1,1,0,0,0,0,0,1,-1,0,0,0,282
414,Top Mid Boxes Right Side Peek,Jackz,4,3,1,0,0,0,0,0,0,0,0,0,4,3,1,0,0,0,282
415,Van Barrel Peek,Jackz,1,1,0,0,0,0,1,1,0,0,0,0,0,0,0,0,0,0,282
416,Forest,Jackz,2,1,1,0,0,0,2,1,1,0,0,0,0,0,0,0,0,0,282
417,Deep Palace,Jackz,0,2,-2,0,0,0,0,2,-2,0,0,0,0,0,0,0,0,0,282
418,Close Market Window,Jackz,0,1,-1,0,0,0,0,1,-1,0,0,0,0,0,0,0,0,0,282
419,Leftside Connector,Jackz,6,1,5,0,0,0,3,1,2,0,0,0,3,0,3,0,0,0,282
420,Left Side corner deep jungle,Jackz,0,1,-1,0,0,0,0,1,-1,0,0,0,0,0,0,0,0,0,282
421,T Spawn A Ramp,Jackz,0,1,-1,0,0,0,0,0,0,0,0,0,0,1,-1,0,0,0,282
422,Top STairs,Jackz,2,2,0,0,0,0,1,0,1,0,0,0,1,2,-1,0,0,0,282
423,Top Mid Boxes Left Side Peek,Jackz,1,2,-1,0,0,0,0,0,0,0,0,0,1,2,-1,0,0,0,282
424,Under window B apps,Jackz,3,1,2,0,0,0,1,1,0,0,0,0,2,0,2,0,0,0,282
425,Under balcony,Jackz,0,0,0,0,0,0,0,0,0,0,0,0,0,0,0,0,0,0,282
426,Murder Hole,Jackz,0,1,-1,0,0,0,0,1,-1,0,0,0,0,0,0,0,0,0,282
427,B Site Default Plant,Jackz,1,1,0,0,0,0,1,1,0,0,0,0,0,0,0,0,0,0,282
428,B site Market Plant,Jackz,0,1,-1,0,0,0,0,0,0,0,0,0,0,1,-1,0,0,0,282
429,Apartments Right CT Corner,Jackz,0,0,0,0,0,0,0,0,0,0,0,0,0,0,0,0,0,0,282
430,Right Side Platform,Jackz,4,1,3,0,0,0,4,1,3,0,0,0,0,0,0,0,0,0,282
431,T Deep Apps Underpass/Apps Peek,Jackz,1,0,1,0,0,0,0,0,0,0,0,0,1,0,1,0,0,0,282
432,Firebox,Jackz,0,1,-1,0,0,0,0,0,0,0,0,0,0,1,-1,0,0,0,282
433,T Spawn towards Apps,Jackz,0,1,-1,0,0,0,0,1,-1,0,0,0,0,0,0,0,0,0,282
434,Bottom Mid Ladder Room Peek,Jackz,2,1,1,0,0,0,0,1,-1,0,0,0,2,0,2,0,0,0,282
435,CT Outside Market,Jackz,1,1,0,0,0,0,1,1,0,0,0,0,0,0,0,0,0,0,282
436,Bench Closer to Tribox,Jackz,0,1,-1,0,0,0,0,0,0,0,0,0,0,1,-1,0,0,0,282
437,ExtendedA,Jackz,0,1,-1,767,720,47,0,0,0,382,267,115,0,1,-1,385,453,-68,282
438,FrontYard,Jackz,0,1,-1,207,173,34,0,0,0,46,159,-113,0,1,-1,161,14,147,282
439,Register Market,Jackz,2,0,2,0,0,0,2,0,2,0,0,0,0,0,0,0,0,0,282
440,Headshot Angle Close A Ramp,Jackz,0,1,-1,0,0,0,0,1,-1,0,0,0,0,0,0,0,0,0,282
441,Middle Bench,Jackz,0,1,-1,0,0,0,0,0,0,0,0,0,0,1,-1,0,0,0,282
