,Location,Player,Total Kills,Total Deaths,K/D,Total Damage Dealt,Total Damage Taken,Total Damage Differential,CT Kills,CT Deaths,CT K/D,CT Damage Dealt,CT Damage Taken,CT Damage Differential,T Kills,T Deaths,T K/D,T Damage Dealt,T Damage Taken,T Damage Differential,Total Rounds
0,CT Side Apps,Sh1ro,12,18,-6,1599,1912,-313,0,0,0,0,0,0,12,18,-6,1599,1912,-313,340
1,Default A,Sh1ro,12,10,2,1115,1089,26,6,2,4,580,227,353,6,8,-2,535,862,-327,340
2,Ticketbooth ,Sh1ro,27,8,19,2679,1175,1504,23,7,16,2191,1010,1181,4,1,3,488,165,323,340
3,A Ramp,Sh1ro,5,8,-3,741,940,-199,0,0,0,0,0,0,5,8,-3,741,940,-199,340
4,Top Mid Left Side,Sh1ro,4,6,-2,584,795,-211,0,0,0,0,0,0,4,6,-2,584,795,-211,340
5,Left Side Platform,Sh1ro,11,13,-2,944,1150,-206,1,2,-1,131,130,1,10,11,-1,813,1020,-207,340
6,Bottom Stairs,Sh1ro,8,4,4,813,467,346,7,2,5,710,318,392,1,2,-1,103,149,-46,340
7,Triple Box,Sh1ro,5,6,-1,384,571,-187,4,4,0,379,374,5,1,2,-1,5,197,-192,340
8,A Site,Sh1ro,1,6,-5,162,605,-443,0,0,0,0,0,0,1,6,-5,162,605,-443,340
9,Deep Jungle,Sh1ro,5,2,3,411,276,135,4,2,2,311,276,35,1,0,1,100,0,100,340
10,A Site Exposed to Stairs Connector Cat,Sh1ro,3,2,1,286,138,148,2,0,2,200,0,200,1,2,-1,86,138,-52,340
11,Snipers Palace Peek,Sh1ro,6,3,3,513,389,124,5,3,2,463,389,74,1,0,1,50,0,50,340
12,Top Balcony,Sh1ro,15,3,12,1534,727,807,0,0,0,0,96,-96,15,3,12,1534,631,903,340
13,T Palace Stairs Peek,Sh1ro,14,7,7,1578,924,654,0,0,0,0,0,0,14,7,7,1578,924,654,340
14,Deep Palace,Sh1ro,8,2,6,778,545,233,2,0,2,200,0,200,6,2,4,578,545,33,340
15,B Site Default Plant,Sh1ro,5,4,1,314,318,-4,1,0,1,90,0,90,4,4,0,224,318,-94,340
16,Deep CT,Sh1ro,6,3,3,615,315,300,4,2,2,580,143,437,2,1,1,35,172,-137,340
17,Mid Close Connector,Sh1ro,2,2,0,284,119,165,0,1,-1,40,52,-12,2,1,1,244,67,177,340
18,CT Left Side,Sh1ro,2,3,-1,138,309,-171,2,3,-1,138,309,-171,0,0,0,0,0,0,340
19,Back B Site Peeking Apps/Plat,Sh1ro,0,4,-4,106,420,-314,0,1,-1,64,97,-33,0,3,-3,42,323,-281,340
20,Close Left CT A Ramp,Sh1ro,8,2,6,807,318,489,0,0,0,0,0,0,8,2,6,807,318,489,340
21,Arch,Sh1ro,0,1,-1,95,2,93,0,0,0,0,0,0,0,1,-1,95,2,93,340
22,B Bombsite Cross to Catwalk,Sh1ro,2,4,-2,266,387,-121,1,0,1,100,11,89,1,4,-3,166,376,-210,340
23,B site Market Plant,Sh1ro,1,3,-2,20,257,-237,0,0,0,0,0,0,1,3,-2,20,257,-237,340
24,Underneath B apps plat,Sh1ro,2,1,1,98,100,-2,0,1,-1,0,100,-100,2,0,2,98,0,98,340
25,Close Market door,Sh1ro,5,4,1,708,597,111,5,3,2,708,445,263,0,1,-1,0,152,-152,340
26,Close A Ramp,Sh1ro,1,3,-2,100,219,-119,0,0,0,0,0,0,1,3,-2,100,219,-119,340
27,Catwalk Connector Peek,Sh1ro,2,1,1,112,100,12,1,0,1,12,0,12,1,1,0,100,100,0,340
28,Snipers Nest,Sh1ro,7,1,6,1114,336,778,7,1,6,1114,336,778,0,0,0,0,0,0,340
29,Right Side Connector,Sh1ro,4,2,2,512,250,262,4,2,2,512,250,262,0,0,0,0,0,0,340
30,Firebox,Sh1ro,2,4,-2,102,386,-284,0,0,0,0,0,0,2,4,-2,102,386,-284,340
31,Underpass,Sh1ro,3,0,3,349,184,165,1,0,1,149,21,128,2,0,2,200,163,37,340
32,Bench,Sh1ro,0,2,-2,137,220,-83,0,0,0,0,0,0,0,2,-2,137,220,-83,340
33,Top Mid towards Apps,Sh1ro,1,3,-2,103,264,-161,0,0,0,0,0,0,1,3,-2,103,264,-161,340
34,CT Catwalk,Sh1ro,2,0,2,275,32,243,1,0,1,134,32,102,1,0,1,141,0,141,340
35,Back Left B Site From T's' Perspective,Sh1ro,6,2,4,465,173,292,4,2,2,292,173,119,2,0,2,173,0,173,340
36,Market Window Peek,Sh1ro,3,0,3,362,102,260,3,0,3,362,102,260,0,0,0,0,0,0,340
37,Catwalk T Aparments Peek,Sh1ro,8,1,7,582,162,420,3,1,2,201,103,98,5,0,5,381,59,322,340
38,Back Right B Site from T's Perspective,Sh1ro,4,2,2,417,245,172,2,2,0,200,243,-43,2,0,2,217,2,215,340
39,Bottom Connector,Sh1ro,3,2,1,316,172,144,1,1,0,100,56,44,2,1,1,216,116,100,340
40,Stairs Palace Peek,Sh1ro,7,1,6,550,251,299,7,1,6,550,251,299,0,0,0,0,0,0,340
41,Under balcony,Sh1ro,2,2,0,65,104,-39,1,2,-1,56,104,-48,1,0,1,9,0,9,340
42,Catwalk Plant B Site,Sh1ro,3,0,3,297,127,170,3,0,3,297,123,174,0,0,0,0,4,-4,340
43,T Deep apps,Sh1ro,0,1,-1,0,120,-120,0,0,0,0,20,-20,0,1,-1,0,100,-100,340
44,Bottom Mid Ladder Room Peek,Sh1ro,2,1,1,165,100,65,1,1,0,100,100,0,1,0,1,65,0,65,340
45,Deep T Apps,Sh1ro,1,1,0,206,410,-204,0,0,0,0,0,0,1,1,0,206,410,-204,340
46,Ladder Room Catwalk Side,Sh1ro,0,1,-1,0,100,-100,0,0,0,0,0,0,0,1,-1,0,100,-100,340
47,Connector behind box,Sh1ro,2,1,1,252,98,154,1,0,1,100,0,100,1,1,0,152,98,54,340
48,Top Connector,Sh1ro,1,2,-1,94,200,-106,0,0,0,0,0,0,1,2,-1,94,200,-106,340
49,Top STairs,Sh1ro,3,1,2,312,120,192,2,1,1,211,120,91,1,0,1,101,0,101,340
50,Top Mid,Sh1ro,0,1,-1,16,100,-84,0,0,0,0,0,0,0,1,-1,16,100,-84,340
51,T Deep Apps Underpass/Apps Peek,Sh1ro,6,1,5,551,82,469,0,0,0,0,0,0,6,1,5,551,82,469,340
52,Deep Catwalk,Sh1ro,2,2,0,134,245,-111,0,1,-1,0,100,-100,2,1,1,134,145,-11,340
53,market,Sh1ro,1,1,0,100,89,11,0,1,-1,0,62,-62,1,0,1,100,27,73,340
54,Balcony Boaxes,Sh1ro,0,0,0,3,0,3,0,0,0,3,0,3,0,0,0,0,0,0,340
55,T Spawn towards Apps,Sh1ro,2,0,2,230,0,230,1,0,1,100,0,100,1,0,1,130,0,130,340
56,Sandwhich,Sh1ro,1,1,0,100,122,-22,0,0,0,0,0,0,1,1,0,100,122,-22,340
57,Top Mid Boxes Right Side Peek,Sh1ro,0,0,0,26,9,17,0,0,0,0,0,0,0,0,0,26,9,17,340
58,Right Side Snipers Nest,Sh1ro,4,0,4,466,0,466,4,0,4,466,0,466,0,0,0,0,0,0,340
59,Top Mid Boxes Left Side Peek,Sh1ro,3,0,3,368,14,354,0,0,0,0,0,0,3,0,3,368,14,354,340
60,Left Side corner deep jungle,Sh1ro,0,1,-1,145,24,121,0,1,-1,145,24,121,0,0,0,0,0,0,340
61,CT Deep Catwalk Mid peek,Sh1ro,1,0,1,145,102,43,1,0,1,70,8,62,0,0,0,75,94,-19,340
62,CT Outside Market,Sh1ro,2,0,2,140,0,140,2,0,2,140,0,140,0,0,0,0,0,0,340
63,Inside Market Doors,Sh1ro,2,0,2,146,51,95,0,0,0,0,0,0,2,0,2,146,51,95,340
64,Tetris,Sh1ro,2,1,1,135,255,-120,0,0,0,0,0,0,2,1,1,135,255,-120,340
65,Forest,Sh1ro,0,1,-1,26,100,-74,0,0,0,0,0,0,0,1,-1,26,100,-74,340
66,Ninja,Sh1ro,0,2,-2,0,186,-186,0,2,-2,0,186,-186,0,0,0,0,0,0,340
67,Stairs Smoke Platform,Sh1ro,0,0,0,3,0,3,0,0,0,3,0,3,0,0,0,0,0,0,340
68,Construction,Sh1ro,0,1,-1,0,14,-14,0,0,0,0,0,0,0,1,-1,0,14,-14,340
69,Barn,Sh1ro,0,1,-1,0,31,-31,0,0,0,0,0,0,0,1,-1,0,31,-31,340
70,Apartments Right CT Corner,Sh1ro,0,0,0,0,0,0,0,0,0,0,0,0,0,0,0,0,0,0,340
71,Behind Big Boxes,Sh1ro,5,1,4,460,226,234,0,0,0,0,0,0,5,1,4,460,226,234,340
72,Elevated Snipers Awp Peek,Sh1ro,2,1,1,345,127,218,2,1,1,345,127,218,0,0,0,0,0,0,340
73,Bench Closer To Jungle,Sh1ro,1,0,1,101,0,101,1,0,1,101,0,101,0,0,0,0,0,0,340
74,Top Mid on top of Boxes,Sh1ro,0,0,0,0,0,0,0,0,0,0,0,0,0,0,0,0,0,0,340
75,T Spawn A Ramp,Sh1ro,3,1,2,335,81,254,0,0,0,0,0,0,3,1,2,335,81,254,340
76,Top Mid Catwalk,Sh1ro,0,1,-1,23,105,-82,0,0,0,0,0,0,0,1,-1,23,105,-82,340
77,Leftside Connector,Sh1ro,2,1,1,200,100,100,2,1,1,200,100,100,0,0,0,0,0,0,340
78,T Apps TV,Sh1ro,2,1,1,208,100,108,1,0,1,100,0,100,1,1,0,108,100,8,340
79,Murder Hole,Sh1ro,0,0,0,102,14,88,0,0,0,102,14,88,0,0,0,0,0,0,340
80,Deep T Spawn T Ramp,Sh1ro,0,1,-1,1,100,-99,0,0,0,0,0,0,0,1,-1,1,100,-99,340
81,Under window B apps,Sh1ro,0,0,0,3,0,3,0,0,0,3,0,3,0,0,0,0,0,0,340
82,Close Right Market Window,Sh1ro,1,1,0,168,100,68,0,0,0,0,0,0,1,1,0,168,100,68,340
83,EastForest,Sh1ro,0,1,-1,0,91,-91,0,0,0,0,0,0,0,1,-1,0,91,-91,340
84,Bottom Mid Boosting Snipers,Sh1ro,0,0,0,0,0,0,0,0,0,0,0,0,0,0,0,0,0,0,340
85,Semi Elevated CT Van,Sh1ro,0,0,0,0,0,0,0,0,0,0,0,0,0,0,0,0,0,0,340
86,Register Market,Sh1ro,0,0,0,0,0,0,0,0,0,0,0,0,0,0,0,0,0,0,340
87,Bench Closer to Tribox,Sh1ro,0,0,0,0,0,0,0,0,0,0,0,0,0,0,0,0,0,0,340
88,A Ramp,Hobbit,8,18,-10,1245,2019,-774,5,1,4,473,253,220,3,17,-14,772,1766,-994,315
89,Top Balcony,Hobbit,14,14,0,1696,1289,407,12,11,1,1570,1093,477,2,3,-1,126,196,-70,315
90,Ticketbooth ,Hobbit,20,11,9,2372,1442,930,19,9,10,2245,1293,952,1,2,-1,127,149,-22,315
91,Triple Box,Hobbit,4,4,0,650,432,218,3,2,1,440,232,208,1,2,-1,210,200,10,315
92,Bottom Stairs,Hobbit,9,9,0,896,975,-79,4,5,-1,508,500,8,5,4,1,388,475,-87,315
93,A Site,Hobbit,7,4,3,881,535,346,4,2,2,481,243,238,3,2,1,400,292,108,315
94,Mid Close Connector,Hobbit,5,6,-1,545,794,-249,0,0,0,0,81,-81,5,6,-1,545,713,-168,315
95,Default A,Hobbit,5,6,-1,901,663,238,5,4,1,819,457,362,0,2,-2,82,206,-124,315
96,Deep Jungle,Hobbit,3,6,-3,362,530,-168,0,1,-1,68,100,-32,3,5,-2,294,430,-136,315
97,Bottom Connector,Hobbit,4,4,0,528,418,110,0,1,-1,0,19,-19,4,3,1,528,399,129,315
98,A Site Exposed to Stairs Connector Cat,Hobbit,7,3,4,506,391,115,3,1,2,198,126,72,4,2,2,308,265,43,315
99,Close A Ramp,Hobbit,4,4,0,726,345,381,3,2,1,512,186,326,1,2,-1,214,159,55,315
100,Top Mid,Hobbit,2,5,-3,142,418,-276,1,0,1,32,0,32,1,5,-4,110,418,-308,315
101,Underpass,Hobbit,7,6,1,1097,1040,57,1,0,1,36,0,36,6,6,0,1061,1040,21,315
102,Deep Catwalk,Hobbit,7,4,3,643,537,106,1,1,0,25,78,-53,6,3,3,618,459,159,315
103,T Palace Stairs Peek,Hobbit,4,2,2,337,391,-54,4,2,2,337,340,-3,0,0,0,0,51,-51,315
104,CT Deep Catwalk Mid peek,Hobbit,4,6,-2,323,488,-165,1,0,1,28,0,28,3,6,-3,295,488,-193,315
105,Under balcony,Hobbit,6,4,2,565,462,103,6,4,2,565,462,103,0,0,0,0,0,0,315
106,Tetris,Hobbit,9,4,5,770,654,116,3,2,1,300,221,79,6,2,4,470,433,37,315
107,Deep Palace,Hobbit,11,2,9,1155,333,822,1,1,0,245,100,145,10,1,9,910,233,677,315
108,B Bombsite Cross to Catwalk,Hobbit,4,4,0,393,400,-7,2,0,2,172,0,172,2,4,-2,221,400,-179,315
109,Sandwhich,Hobbit,12,5,7,1323,656,667,7,4,3,770,412,358,5,1,4,553,244,309,315
110,CT Catwalk,Hobbit,3,3,0,232,365,-133,0,1,-1,29,68,-39,3,2,1,203,297,-94,315
111,Murder Hole,Hobbit,0,2,-2,77,208,-131,0,1,-1,44,78,-34,0,1,-1,33,130,-97,315
112,Top Mid Catwalk,Hobbit,2,5,-3,254,445,-191,0,0,0,0,0,0,2,5,-3,254,445,-191,315
113,Jungle Plant,Hobbit,1,4,-3,233,358,-125,0,1,-1,40,100,-60,1,3,-2,193,258,-65,315
114,Left Side Platform,Hobbit,0,4,-4,46,321,-275,0,0,0,46,0,46,0,4,-4,0,321,-321,315
115,Top Mid Left Side,Hobbit,2,5,-3,471,651,-180,0,0,0,0,0,0,2,5,-3,471,651,-180,315
116,Leftside Connector,Hobbit,3,0,3,277,138,139,2,0,2,177,54,123,1,0,1,100,84,16,315
117,Arch,Hobbit,0,1,-1,40,91,-51,0,0,0,0,0,0,0,1,-1,40,91,-51,315
118,CT Side Apps,Hobbit,5,4,1,435,433,2,0,0,0,0,0,0,5,4,1,435,433,2,315
119,Top Connector,Hobbit,2,1,1,167,100,67,0,0,0,0,0,0,2,1,1,167,100,67,315
120,Close Left CT A Ramp,Hobbit,1,3,-2,355,222,133,1,2,-1,313,114,199,0,1,-1,42,108,-66,315
121,CT Spawn,Hobbit,3,1,2,158,46,112,2,1,1,58,46,12,1,0,1,100,0,100,315
122,Snipers Nest,Hobbit,0,1,-1,0,182,-182,0,0,0,0,0,0,0,1,-1,0,182,-182,315
123,Stairs Palace Peek,Hobbit,3,3,0,476,287,189,1,0,1,134,74,60,2,3,-1,342,213,129,315
124,Catwalk T Aparments Peek,Hobbit,3,1,2,214,213,1,1,0,1,100,22,78,2,1,1,114,191,-77,315
125,Market Window Peek,Hobbit,1,0,1,79,26,53,1,0,1,79,26,53,0,0,0,0,0,0,315
126,Bottom Mid Ladder Room Peek,Hobbit,0,1,-1,17,100,-83,0,0,0,0,0,0,0,1,-1,17,100,-83,315
127,Deep T Apps Underpass STairs,Hobbit,3,2,1,421,200,221,1,0,1,57,0,57,2,2,0,364,200,164,315
128,Register Market,Hobbit,1,1,0,45,104,-59,0,0,0,0,0,0,1,1,0,45,104,-59,315
129,Catwalk Plant B Site,Hobbit,1,1,0,49,51,-2,1,0,1,49,34,15,0,1,-1,0,17,-17,315
130,Right Side Platform,Hobbit,0,1,-1,26,76,-50,0,0,0,0,0,0,0,1,-1,26,76,-50,315
131,Snipers Palace Peek,Hobbit,0,2,-2,0,175,-175,0,0,0,0,0,0,0,2,-2,0,175,-175,315
132,Left Side corner deep jungle,Hobbit,0,0,0,0,0,0,0,0,0,0,0,0,0,0,0,0,0,0,315
133,Inside Market Doors,Hobbit,0,2,-2,0,169,-169,0,1,-1,0,100,-100,0,1,-1,0,69,-69,315
134,Firebox,Hobbit,5,0,5,81,4,77,3,0,3,68,0,68,2,0,2,13,4,9,315
135,Top Mid towards Apps,Hobbit,2,1,1,385,67,318,0,0,0,0,0,0,2,1,1,385,67,318,315
136,T Deep apps,Hobbit,0,2,-2,54,112,-58,0,1,-1,54,100,-46,0,1,-1,0,12,-12,315
137,Top Mid Right Side,Hobbit,1,2,-1,241,218,23,0,0,0,0,0,0,1,2,-1,241,218,23,315
138,Close Market door,Hobbit,0,1,-1,0,100,-100,0,1,-1,0,100,-100,0,0,0,0,0,0,315
139,CT Left Side,Hobbit,2,2,0,231,109,122,2,1,1,140,9,131,0,1,-1,91,100,-9,315
140,Right Side Connector,Hobbit,3,1,2,226,95,131,0,0,0,0,0,0,3,1,2,226,95,131,315
141,Top Mid Boxes Left Side Peek,Hobbit,2,2,0,269,260,9,0,0,0,0,0,0,2,2,0,269,260,9,315
142,T Deep Apps Underpass/Apps Peek,Hobbit,1,2,-1,100,200,-100,0,0,0,0,0,0,1,2,-1,100,200,-100,315
143,Underneath B apps plat,Hobbit,1,2,-1,92,161,-69,0,0,0,0,0,0,1,2,-1,92,161,-69,315
144,Close Right Market Window,Hobbit,1,1,0,4,100,-96,1,0,1,4,0,4,0,1,-1,0,100,-100,315
145,Back B Site Peeking Apps/Plat,Hobbit,3,1,2,262,217,45,0,0,0,0,0,0,3,1,2,262,217,45,315
146,Top STairs,Hobbit,1,2,-1,100,15,85,1,1,0,100,12,88,0,1,-1,0,3,-3,315
147,Semi Elevated CT Van,Hobbit,0,1,-1,0,52,-52,0,0,0,0,0,0,0,1,-1,0,52,-52,315
148,Bench,Hobbit,1,1,0,100,100,0,0,0,0,0,0,0,1,1,0,100,100,0,315
149,T Spawn A Ramp,Hobbit,1,1,0,100,44,56,0,1,-1,0,26,-26,1,0,1,100,18,82,315
150,Deep T Apps,Hobbit,0,2,-2,219,255,-36,0,0,0,0,0,0,0,2,-2,219,255,-36,315
151,Elevated Snipers Awp Peek,Hobbit,0,1,-1,0,0,0,0,0,0,0,0,0,0,1,-1,0,0,0,315
152,Top Mid Boxes Right Side Peek,Hobbit,0,1,-1,6,166,-160,0,0,0,0,0,0,0,1,-1,6,166,-160,315
153,Apartments Right CT Corner,Hobbit,1,0,1,100,0,100,0,0,0,0,0,0,1,0,1,100,0,100,315
154,CT Outside Market,Hobbit,3,0,3,188,33,155,2,0,2,88,0,88,1,0,1,100,33,67,315
155,Back Left B Site From T's' Perspective,Hobbit,0,1,-1,0,74,-74,0,1,-1,0,74,-74,0,0,0,0,0,0,315
156,Balcony Boaxes,Hobbit,1,1,0,80,156,-76,1,1,0,76,156,-80,0,0,0,4,0,4,315
157,Middle Bench,Hobbit,0,1,-1,0,95,-95,0,0,0,0,0,0,0,1,-1,0,95,-95,315
158,market,Hobbit,2,0,2,244,60,184,0,0,0,21,0,21,2,0,2,223,60,163,315
159,B Site Default Plant,Hobbit,0,1,-1,0,0,0,0,0,0,0,0,0,0,1,-1,0,0,0,315
160,T Spawn,Hobbit,0,1,-1,75,34,41,0,0,0,0,0,0,0,1,-1,75,34,41,315
161,Behind Big Boxes,Hobbit,0,1,-1,61,137,-76,0,0,0,0,0,0,0,1,-1,61,137,-76,315
162,T apps entrance close left,Hobbit,0,1,-1,0,100,-100,0,0,0,0,0,0,0,1,-1,0,100,-100,315
163,B site Market Plant,Hobbit,0,0,0,0,0,0,0,0,0,0,0,0,0,0,0,0,0,0,315
164,Flowerpot CT,Hobbit,0,0,0,0,0,0,0,0,0,0,0,0,0,0,0,0,0,0,315
165,Top Van,Hobbit,0,1,-1,20,24,-4,0,0,0,20,0,20,0,1,-1,0,24,-24,315
166,Right Side Snipers Nest,Hobbit,0,1,-1,0,46,-46,0,0,0,0,0,0,0,1,-1,0,46,-46,315
167,Connector behind box,Hobbit,0,0,0,48,0,48,0,0,0,0,0,0,0,0,0,48,0,48,315
168,CT Side Apps,Interz,3,14,-11,405,1344,-939,1,2,-1,142,200,-58,2,12,-10,263,1144,-881,340
169,Left Side Platform,Interz,11,10,1,1288,1196,92,7,4,3,703,428,275,4,6,-2,585,768,-183,340
170,Top Balcony,Interz,14,9,5,1631,1142,489,0,0,0,145,0,145,14,9,5,1486,1142,344,340
171,T Palace Stairs Peek,Interz,11,16,-5,1512,1771,-259,0,0,0,0,0,0,11,16,-5,1512,1771,-259,340
172,Triple Box,Interz,2,7,-5,404,659,-255,1,4,-3,241,400,-159,1,3,-2,163,259,-96,340
173,Underneath B apps plat,Interz,13,10,3,1342,1248,94,5,5,0,676,637,39,8,5,3,666,611,55,340
174,Default A,Interz,1,6,-5,420,640,-220,0,0,0,0,13,-13,1,6,-5,420,627,-207,340
175,Ticketbooth ,Interz,4,6,-2,267,492,-225,2,4,-2,178,382,-204,2,2,0,89,110,-21,340
176,Bench,Interz,7,8,-1,617,883,-266,6,3,3,532,401,131,1,5,-4,85,482,-397,340
177,Deep Palace,Interz,7,6,1,960,1011,-51,0,0,0,0,0,0,7,6,1,960,1011,-51,340
178,Back B Site Peeking Apps/Plat,Interz,3,6,-3,508,587,-79,2,1,1,287,140,147,1,5,-4,221,447,-226,340
179,Deep CT,Interz,4,1,3,410,121,289,3,1,2,310,100,210,1,0,1,100,21,79,340
180,A Site Exposed to Stairs Connector Cat,Interz,2,5,-3,79,500,-421,1,1,0,50,126,-76,1,4,-3,29,374,-345,340
181,Sandwhich,Interz,8,4,4,816,447,369,0,0,0,0,0,0,8,4,4,816,447,369,340
182,CT Catwalk,Interz,4,1,3,294,182,112,4,1,3,294,182,112,0,0,0,0,0,0,340
183,B Bombsite Cross to Catwalk,Interz,0,3,-3,68,300,-232,0,2,-2,0,200,-200,0,1,-1,68,100,-32,340
184,A Ramp,Interz,2,5,-3,341,826,-485,0,0,0,0,0,0,2,5,-3,341,826,-485,340
185,Catwalk Plant B Site,Interz,4,5,-1,299,455,-156,2,3,-1,139,233,-94,2,2,0,160,222,-62,340
186,Deep T Apps,Interz,6,1,5,605,498,107,3,0,3,300,54,246,3,1,2,305,444,-139,340
187,Deep Jungle,Interz,5,3,2,506,300,206,2,3,-1,220,300,-80,3,0,3,286,0,286,340
188,A Site,Interz,5,5,0,640,557,83,0,0,0,0,0,0,5,5,0,640,557,83,340
189,CT Left Side,Interz,0,1,-1,79,100,-21,0,1,-1,79,100,-21,0,0,0,0,0,0,340
190,Back Left B Site From T's' Perspective,Interz,10,2,8,942,307,635,10,2,8,942,307,635,0,0,0,0,0,0,340
191,Snipers Palace Peek,Interz,0,3,-3,106,270,-164,0,1,-1,84,100,-16,0,2,-2,22,170,-148,340
192,Van Barrel Peek,Interz,6,4,2,680,407,273,0,1,-1,103,185,-82,6,3,3,577,222,355,340
193,Firebox,Interz,2,3,-1,311,327,-16,0,1,-1,0,100,-100,2,2,0,311,227,84,340
194,Bottom Stairs,Interz,3,0,3,334,201,133,0,0,0,0,54,-54,3,0,3,334,147,187,340
195,CT Deep Catwalk Mid peek,Interz,0,3,-3,83,305,-222,0,3,-3,83,305,-222,0,0,0,0,0,0,340
196,Jungle Plant,Interz,0,3,-3,127,232,-105,0,1,-1,26,56,-30,0,2,-2,101,176,-75,340
197,B Site Default Plant,Interz,2,2,0,229,79,150,0,0,0,48,0,48,2,2,0,181,79,102,340
198,Snipers Nest,Interz,1,3,-2,157,300,-143,1,1,0,100,100,0,0,2,-2,57,200,-143,340
199,Close Left CT A Ramp,Interz,2,3,-1,200,291,-91,0,0,0,0,0,0,2,3,-1,200,291,-91,340
200,Tetris,Interz,2,3,-1,257,301,-44,0,0,0,0,0,0,2,3,-1,257,301,-44,340
201,Apartments Right CT Corner,Interz,2,1,1,173,111,62,0,0,0,0,0,0,2,1,1,173,111,62,340
202,Bottom Connector,Interz,3,2,1,222,200,22,2,1,1,122,100,22,1,1,0,100,100,0,340
203,Market Window Peek,Interz,1,1,0,100,66,34,0,0,0,0,8,-8,1,1,0,100,58,42,340
204,Semi Elevated CT Van,Interz,0,1,-1,82,179,-97,0,0,0,3,31,-28,0,1,-1,79,148,-69,340
205,Deep Catwalk,Interz,1,2,-1,129,200,-71,0,0,0,29,0,29,1,2,-1,100,200,-100,340
206,Ninja,Interz,1,0,1,20,0,20,0,0,0,0,0,0,1,0,1,20,0,20,340
207,market,Interz,1,1,0,107,164,-57,1,1,0,107,164,-57,0,0,0,0,0,0,340
208,Close A Ramp,Interz,0,3,-3,105,317,-212,0,0,0,0,0,0,0,3,-3,105,317,-212,340
209,Underpass,Interz,0,1,-1,48,114,-66,0,0,0,0,0,0,0,1,-1,48,114,-66,340
210,Balcony Boaxes,Interz,0,2,-2,21,200,-179,0,0,0,0,0,0,0,2,-2,21,200,-179,340
211,Right Side Platform,Interz,2,3,-1,304,324,-20,2,1,1,234,121,113,0,2,-2,70,203,-133,340
212,Forest,Interz,3,0,3,219,63,156,0,0,0,0,0,0,3,0,3,219,63,156,340
213,T Apps TV,Interz,1,1,0,100,14,86,0,0,0,0,0,0,1,1,0,100,14,86,340
214,Stairs Palace Peek,Interz,0,0,0,0,0,0,0,0,0,0,0,0,0,0,0,0,0,0,340
215,Top Van,Interz,1,2,-1,195,115,80,1,2,-1,141,115,26,0,0,0,54,0,54,340
216,Top Mid Catwalk,Interz,0,1,-1,0,100,-100,0,0,0,0,0,0,0,1,-1,0,100,-100,340
217,T Spawn A Ramp,Interz,3,2,1,408,287,121,0,0,0,0,0,0,3,2,1,408,287,121,340
218,T Spawn towards Apps,Interz,0,0,0,0,0,0,0,0,0,0,0,0,0,0,0,0,0,0,340
219,Top Mid Left Side,Interz,0,1,-1,76,94,-18,0,0,0,0,0,0,0,1,-1,76,94,-18,340
220,Top Connector,Interz,0,0,0,0,0,0,0,0,0,0,0,0,0,0,0,0,0,0,340
221,Arch,Interz,0,1,-1,102,32,70,0,0,0,50,0,50,0,1,-1,52,32,20,340
222,Leftside Connector,Interz,0,1,-1,0,100,-100,0,1,-1,0,100,-100,0,0,0,0,0,0,340
223,Back Right B Site from T's Perspective,Interz,0,0,0,13,33,-20,0,0,0,13,33,-20,0,0,0,0,0,0,340
224,Under balcony on top of the little box,Interz,0,1,-1,23,87,-64,0,1,-1,23,87,-64,0,0,0,0,0,0,340
225,Top STairs,Interz,1,0,1,33,0,33,1,0,1,33,0,33,0,0,0,0,0,0,340
226,Close Market door,Interz,2,0,2,242,100,142,2,0,2,242,100,142,0,0,0,0,0,0,340
227,Ladder Room Catwalk Side,Interz,1,0,1,67,0,67,1,0,1,67,0,67,0,0,0,0,0,0,340
228,Bench Closer to Tribox,Interz,0,0,0,0,0,0,0,0,0,0,0,0,0,0,0,0,0,0,340
229,Top Mid towards Apps,Interz,2,0,2,112,27,85,0,0,0,0,0,0,2,0,2,112,27,85,340
230,Deep T Spawn T Ramp,Interz,0,0,0,22,0,22,0,0,0,0,0,0,0,0,0,22,0,22,340
231,Right Side Snipers Nest,Interz,1,0,1,92,0,92,0,0,0,0,0,0,1,0,1,92,0,92,340
232,Catwalk Connector Peek,Interz,1,1,0,25,45,-20,1,0,1,25,13,12,0,1,-1,0,32,-32,340
233,Catwalk T Aparments Peek,Interz,0,0,0,52,15,37,0,0,0,52,15,37,0,0,0,0,0,0,340
234,T Deep Apps Underpass/Apps Peek,Interz,2,0,2,160,44,116,0,0,0,27,44,-17,2,0,2,133,0,133,340
235,BackRoad,Interz,0,1,-1,0,21,-21,0,0,0,0,0,0,0,1,-1,0,21,-21,340
236,Under balcony,Interz,1,1,0,148,233,-85,0,0,0,0,0,0,1,1,0,148,233,-85,340
237,Right Side Connector,Interz,0,1,-1,66,87,-21,0,1,-1,66,87,-21,0,0,0,0,0,0,340
238,Close Right Market Window,Interz,0,1,-1,0,56,-56,0,1,-1,0,56,-56,0,0,0,0,0,0,340
239,Safe Plant B Site,Interz,0,1,-1,0,100,-100,0,0,0,0,0,0,0,1,-1,0,100,-100,340
240,Mid Close Connector,Interz,1,1,0,64,168,-104,1,1,0,64,100,-36,0,0,0,0,68,-68,340
241,CT Spawn,Interz,3,1,2,223,127,96,3,1,2,223,127,96,0,0,0,0,0,0,340
242,Register Market,Interz,0,0,0,0,0,0,0,0,0,0,0,0,0,0,0,0,0,0,340
243,Connector behind box,Interz,0,0,0,0,0,0,0,0,0,0,0,0,0,0,0,0,0,0,340
244,B site Market Plant,Interz,3,1,2,221,88,133,2,1,1,155,88,67,1,0,1,66,0,66,340
245,Top Mid Boxes Right Side Peek,Interz,1,1,0,106,87,19,0,0,0,0,0,0,1,1,0,106,87,19,340
246,CT Outside Market,Interz,2,1,1,285,123,162,1,1,0,185,123,62,1,0,1,100,0,100,340
247,Deep Jungle,Nafany,17,16,1,1847,1629,218,11,9,2,1486,968,518,6,7,-1,361,661,-300,340
248,Mid Close Connector,Nafany,20,15,5,2070,1679,391,13,6,7,1454,691,763,7,9,-2,616,988,-372,340
249,Bottom Stairs,Nafany,10,8,2,1066,924,142,7,3,4,677,555,122,3,5,-2,389,369,20,340
250,A Site,Nafany,9,5,4,1097,662,435,1,0,1,66,0,66,8,5,3,1031,662,369,340
251,A Site Exposed to Stairs Connector Cat,Nafany,9,6,3,847,800,47,6,3,3,476,399,77,3,3,0,371,401,-30,340
252,A Ramp,Nafany,12,9,3,1131,1104,27,2,2,0,167,200,-33,10,7,3,964,904,60,340
253,Default A,Nafany,7,5,2,752,456,296,3,2,1,446,151,295,4,3,1,306,305,1,340
254,Top Mid,Nafany,10,9,1,957,969,-12,7,2,5,576,273,303,3,7,-4,381,696,-315,340
255,Underpass,Nafany,1,1,0,20,100,-80,1,0,1,1,0,1,0,1,-1,19,100,-81,340
256,Ticketbooth ,Nafany,9,5,4,988,462,526,5,1,4,558,100,458,4,4,0,430,362,68,340
257,Top Mid Left Side,Nafany,5,9,-4,607,1105,-498,3,0,3,267,22,245,2,9,-7,340,1083,-743,340
258,Top Balcony,Nafany,1,5,-4,100,482,-382,1,0,1,74,26,48,0,5,-5,26,456,-430,340
259,CT Catwalk,Nafany,4,7,-3,572,666,-94,2,0,2,180,36,144,2,7,-5,392,630,-238,340
260,CT Side Apps,Nafany,5,9,-4,602,1095,-493,0,0,0,0,0,0,5,9,-4,602,1095,-493,340
261,Deep Catwalk,Nafany,5,4,1,372,256,116,1,0,1,0,0,0,4,4,0,372,256,116,340
262,Top Connector,Nafany,4,8,-4,283,615,-332,1,4,-3,124,297,-173,3,4,-1,159,318,-159,340
263,Top Mid towards Apps,Nafany,0,4,-4,20,439,-419,0,1,-1,0,73,-73,0,3,-3,20,366,-346,340
264,Catwalk Connector Peek,Nafany,2,7,-5,488,895,-407,0,1,-1,30,184,-154,2,6,-4,458,711,-253,340
265,Deep T Apps,Nafany,2,7,-5,297,782,-485,2,1,1,200,100,100,0,6,-6,97,682,-585,340
266,Leftside Connector,Nafany,6,4,2,813,658,155,6,3,3,786,550,236,0,1,-1,27,108,-81,340
267,Tetris,Nafany,2,4,-2,322,477,-155,0,0,0,93,99,-6,2,4,-2,229,378,-149,340
268,Triple Box,Nafany,4,2,2,219,115,104,4,1,3,193,1,192,0,1,-1,26,114,-88,340
269,Murder Hole,Nafany,0,3,-3,115,210,-95,0,2,-2,33,113,-80,0,1,-1,82,97,-15,340
270,Snipers Nest,Nafany,10,2,8,1119,514,605,10,2,8,1119,485,634,0,0,0,0,29,-29,340
271,Left Side Platform,Nafany,2,5,-3,455,672,-217,0,0,0,35,0,35,2,5,-3,420,672,-252,340
272,T Palace Stairs Peek,Nafany,2,3,-1,192,299,-107,1,0,1,38,0,38,1,3,-2,154,299,-145,340
273,Stairs Palace Peek,Nafany,2,4,-2,416,351,65,1,3,-2,262,251,11,1,1,0,154,100,54,340
274,B Bombsite Cross to Catwalk,Nafany,0,6,-6,46,330,-284,0,1,-1,46,64,-18,0,5,-5,0,266,-266,340
275,Close A Ramp,Nafany,4,2,2,400,228,172,0,0,0,0,0,0,4,2,2,400,228,172,340
276,B site Market Plant,Nafany,1,1,0,83,73,10,1,1,0,83,73,10,0,0,0,0,0,0,340
277,Sandwhich,Nafany,0,1,-1,0,197,-197,0,1,-1,0,126,-126,0,0,0,0,71,-71,340
278,Right Side Snipers Nest,Nafany,3,2,1,269,149,120,1,1,0,121,132,-11,2,1,1,148,17,131,340
279,Snipers Palace Peek,Nafany,12,3,9,963,445,518,10,3,7,763,392,371,2,0,2,200,53,147,340
280,CT Deep Catwalk Mid peek,Nafany,5,2,3,435,277,158,1,1,0,94,100,-6,4,1,3,341,177,164,340
281,Bottom Connector,Nafany,7,2,5,709,485,224,3,0,3,313,210,103,4,2,2,396,275,121,340
282,Ladder Room Catwalk Side,Nafany,3,3,0,291,240,51,0,0,0,0,0,0,3,3,0,291,240,51,340
283,Bench,Nafany,0,1,-1,162,193,-31,0,1,-1,11,132,-121,0,0,0,151,61,90,340
284,Deep T Apps Underpass STairs,Nafany,1,4,-3,174,400,-226,1,3,-2,174,300,-126,0,1,-1,0,100,-100,340
285,Close Left CT A Ramp,Nafany,2,0,2,27,66,-39,1,0,1,4,0,4,1,0,1,23,66,-43,340
286,Connector behind box,Nafany,3,2,1,241,272,-31,3,2,1,241,272,-31,0,0,0,0,0,0,340
287,Arch,Nafany,0,1,-1,9,104,-95,0,1,-1,0,100,-100,0,0,0,9,4,5,340
288,Top Mid Catwalk,Nafany,1,1,0,100,144,-44,0,0,0,0,0,0,1,1,0,100,144,-44,340
289,Catwalk T Aparments Peek,Nafany,1,2,-1,224,271,-47,0,0,0,36,99,-63,1,2,-1,188,172,16,340
290,Behind Big Boxes,Nafany,0,3,-3,0,336,-336,0,0,0,0,0,0,0,3,-3,0,336,-336,340
291,Top Mid Right Side,Nafany,0,2,-2,99,172,-73,0,1,-1,0,46,-46,0,1,-1,99,126,-27,340
292,Left Side corner deep jungle,Nafany,1,3,-2,188,300,-112,0,3,-3,88,300,-212,1,0,1,100,0,100,340
293,Back Left B Site From T's' Perspective,Nafany,1,2,-1,78,101,-23,1,2,-1,78,101,-23,0,0,0,0,0,0,340
294,T Apps TV,Nafany,1,1,0,100,127,-27,0,0,0,0,0,0,1,1,0,100,127,-27,340
295,Balcony Boaxes,Nafany,1,0,1,100,84,16,0,0,0,0,0,0,1,0,1,100,84,16,340
296,Close Market door,Nafany,2,2,0,544,224,320,2,1,1,350,124,226,0,1,-1,194,100,94,340
297,Top STairs,Nafany,5,1,4,428,205,223,2,0,2,133,27,106,3,1,2,295,178,117,340
298,Back B Site Peeking Apps/Plat,Nafany,2,0,2,222,73,149,2,0,2,170,73,97,0,0,0,52,0,52,340
299,Under balcony,Nafany,5,1,4,268,100,168,2,1,1,84,100,-16,3,0,3,184,0,184,340
300,Bench Closer to Tribox,Nafany,1,2,-1,100,212,-112,1,0,1,100,52,48,0,2,-2,0,160,-160,340
301,Ninja,Nafany,1,1,0,154,122,32,1,0,1,100,46,54,0,1,-1,54,76,-22,340
302,Jungle Plant,Nafany,1,2,-1,100,107,-7,0,1,-1,0,100,-100,1,1,0,100,7,93,340
303,CT Left Side,Nafany,0,0,0,0,28,-28,0,0,0,0,28,-28,0,0,0,0,0,0,340
304,Bottom Mid Ladder Room Peek,Nafany,0,0,0,0,0,0,0,0,0,0,0,0,0,0,0,0,0,0,340
305,Apartments Right CT Corner,Nafany,1,2,-1,6,151,-145,1,0,1,0,0,0,0,2,-2,6,151,-145,340
306,Back Right B Site from T's Perspective,Nafany,1,2,-1,95,147,-52,1,1,0,95,108,-13,0,1,-1,0,39,-39,340
307,Van Barrel Peek,Nafany,2,1,1,106,5,101,0,0,0,0,0,0,2,1,1,106,5,101,340
308,Elevated Snipers Awp Peek,Nafany,1,0,1,100,0,100,1,0,1,100,0,100,0,0,0,0,0,0,340
309,Chair,Nafany,1,2,-1,15,200,-185,0,0,0,0,0,0,1,2,-1,15,200,-185,340
310,Top Mid Boxes Right Side Peek,Nafany,0,1,-1,121,156,-35,0,0,0,0,0,0,0,1,-1,121,156,-35,340
311,B Site Default Plant,Nafany,0,0,0,0,0,0,0,0,0,0,0,0,0,0,0,0,0,0,340
312,Market Window Peek,Nafany,0,1,-1,112,100,12,0,0,0,46,0,46,0,1,-1,66,100,-34,340
313,CT Outside Market,Nafany,1,2,-1,126,173,-47,1,0,1,92,0,92,0,2,-2,34,173,-139,340
314,Right Side Connector,Nafany,7,2,5,533,430,103,3,1,2,217,178,39,4,1,3,316,252,64,340
315,T Deep Apps Underpass/Apps Peek,Nafany,0,1,-1,0,126,-126,0,0,0,0,0,0,0,1,-1,0,126,-126,340
316,Deep CT,Nafany,1,1,0,42,127,-85,0,1,-1,15,100,-85,1,0,1,27,27,0,340
317,Catwalk Plant B Site,Nafany,1,2,-1,100,68,32,0,1,-1,0,1,-1,1,1,0,100,67,33,340
318,market,Nafany,1,0,1,142,0,142,1,0,1,142,0,142,0,0,0,0,0,0,340
319,Semi Elevated CT Van,Nafany,0,1,-1,36,111,-75,0,0,0,0,11,-11,0,1,-1,36,100,-64,340
320,Underneath B apps plat,Nafany,0,0,0,72,72,0,0,0,0,0,0,0,0,0,0,72,72,0,340
321,T Spawn,Nafany,0,0,0,0,0,0,0,0,0,0,0,0,0,0,0,0,0,0,340
322,Under window B apps,Nafany,1,1,0,151,154,-3,1,1,0,98,100,-2,0,0,0,53,54,-1,340
323,Top Mid Boxes Left Side Peek,Nafany,2,1,1,251,121,130,0,0,0,0,0,0,2,1,1,251,121,130,340
324,Close Market Window,Nafany,0,0,0,0,0,0,0,0,0,0,0,0,0,0,0,0,0,0,340
325,Deep T Spawn T Ramp,Nafany,1,1,0,100,100,0,1,0,1,100,0,100,0,1,-1,0,100,-100,340
326,T Spawn A Ramp,Nafany,2,1,1,112,227,-115,0,0,0,0,0,0,2,1,1,112,227,-115,340
327,CT Spawn,Nafany,1,0,1,100,0,100,1,0,1,100,0,100,0,0,0,0,0,0,340
328,Forest,Nafany,0,1,-1,27,84,-57,0,0,0,27,0,27,0,1,-1,0,84,-84,340
329,T Spawn towards Apps,Nafany,0,0,0,52,0,52,0,0,0,52,0,52,0,0,0,0,0,0,340
330,Close Right Market Window,Nafany,2,1,1,177,150,27,1,0,1,50,99,-49,1,1,0,127,51,76,340
331,CT Side Apps,ax1le,18,12,6,1864,1640,224,3,0,3,246,166,80,15,12,3,1618,1474,144,340
332,Deep Catwalk,ax1le,46,19,27,4561,2270,2291,43,18,25,4359,2154,2205,3,1,2,202,116,86,340
333,Bottom Stairs,ax1le,3,13,-10,567,1351,-784,2,3,-1,266,375,-109,1,10,-9,301,976,-675,340
334,Underpass,ax1le,6,6,0,683,806,-123,2,0,2,200,54,146,4,6,-2,483,752,-269,340
335,Deep T Apps,ax1le,7,12,-5,1031,1631,-600,1,0,1,100,72,28,6,12,-6,931,1559,-628,340
336,Ticketbooth ,ax1le,8,8,0,747,852,-105,2,5,-3,272,463,-191,6,3,3,475,389,86,340
337,Left Side Platform,ax1le,8,8,0,923,926,-3,0,1,-1,0,6,-6,8,7,1,923,920,3,340
338,Top Mid Left Side,ax1le,5,4,1,505,433,72,1,1,0,100,100,0,4,3,1,405,333,72,340
339,A Site Exposed to Stairs Connector Cat,ax1le,6,4,2,596,315,281,2,0,2,149,59,90,4,4,0,447,256,191,340
340,Mid Close Connector,ax1le,6,7,-1,735,822,-87,3,1,2,420,192,228,3,6,-3,315,630,-315,340
341,Deep Jungle,ax1le,11,6,5,1055,758,297,4,1,3,340,124,216,7,5,2,715,634,81,340
342,Default A,ax1le,4,3,1,348,364,-16,0,0,0,27,14,13,4,3,1,321,350,-29,340
343,T Deep Apps Underpass/Apps Peek,ax1le,5,7,-2,775,898,-123,1,1,0,156,100,56,4,6,-2,619,798,-179,340
344,Top Mid,ax1le,1,2,-1,103,200,-97,1,1,0,71,100,-29,0,1,-1,32,100,-68,340
345,B Bombsite Cross to Catwalk,ax1le,11,6,5,1075,870,205,0,0,0,0,0,0,11,6,5,1075,870,205,340
346,Close Market door,ax1le,2,3,-1,103,307,-204,1,3,-2,76,288,-212,1,0,1,27,19,8,340
347,A Ramp,ax1le,4,6,-2,476,692,-216,0,0,0,0,8,-8,4,6,-2,476,684,-208,340
348,CT Catwalk,ax1le,16,2,14,1724,728,996,13,1,12,1442,536,906,3,1,2,282,192,90,340
349,Arch,ax1le,3,4,-1,567,345,222,3,2,1,469,200,269,0,2,-2,98,145,-47,340
350,CT Deep Catwalk Mid peek,ax1le,6,2,4,859,272,587,6,2,4,859,272,587,0,0,0,0,0,0,340
351,Back Left B Site From T's' Perspective,ax1le,4,3,1,424,207,217,2,1,1,201,100,101,2,2,0,223,107,116,340
352,Catwalk Connector Peek,ax1le,4,5,-1,346,508,-162,2,0,2,146,91,55,2,5,-3,200,417,-217,340
353,Bench,ax1le,4,1,3,327,100,227,2,1,1,206,100,106,2,0,2,121,0,121,340
354,Catwalk Plant B Site,ax1le,3,2,1,295,96,199,0,0,0,0,0,0,3,2,1,295,96,199,340
355,Inside Market Doors,ax1le,1,2,-1,247,150,97,0,1,-1,76,100,-24,1,1,0,171,50,121,340
356,Deep CT,ax1le,3,2,1,296,266,30,2,1,1,163,100,63,1,1,0,133,166,-33,340
357,Catwalk T Aparments Peek,ax1le,12,6,6,1415,662,753,12,6,6,1415,642,773,0,0,0,0,20,-20,340
358,Top Connector,ax1le,3,3,0,193,336,-143,2,1,1,92,100,-8,1,2,-1,101,236,-135,340
359,A Site,ax1le,4,4,0,429,525,-96,0,0,0,0,0,0,4,4,0,429,525,-96,340
360,Top Balcony,ax1le,0,1,-1,52,51,1,0,0,0,0,0,0,0,1,-1,52,51,1,340
361,Market Window Peek,ax1le,0,4,-4,144,297,-153,0,2,-2,94,121,-27,0,2,-2,50,176,-126,340
362,Snipers Nest,ax1le,0,0,0,62,0,62,0,0,0,50,0,50,0,0,0,12,0,12,340
363,B site Market Plant,ax1le,3,0,3,153,0,153,0,0,0,0,0,0,3,0,3,153,0,153,340
364,Bottom Mid Ladder Room Peek,ax1le,0,2,-2,17,114,-97,0,1,-1,0,1,-1,0,1,-1,17,113,-96,340
365,Top Mid Right Side,ax1le,0,2,-2,54,111,-57,0,1,-1,0,11,-11,0,1,-1,54,100,-46,340
366,Underneath B apps plat,ax1le,4,4,0,463,454,9,3,1,2,241,100,141,1,3,-2,222,354,-132,340
367,Ladder Room Catwalk Side,ax1le,4,2,2,294,196,98,4,1,3,294,80,214,0,1,-1,0,116,-116,340
368,Firebox,ax1le,3,3,0,291,251,40,2,1,1,145,100,45,1,2,-1,146,151,-5,340
369,Bottom Connector,ax1le,1,1,0,139,111,28,1,1,0,139,111,28,0,0,0,0,0,0,340
370,Close A Ramp,ax1le,2,3,-1,333,320,13,0,0,0,17,13,4,2,3,-1,316,307,9,340
371,Close Left CT A Ramp,ax1le,0,1,-1,3,103,-100,0,0,0,0,9,-9,0,1,-1,3,94,-91,340
372,Triple Box,ax1le,3,1,2,239,100,139,0,1,-1,0,100,-100,3,0,3,239,0,239,340
373,Back Right B Site from T's Perspective,ax1le,2,1,1,174,100,74,1,1,0,74,100,-26,1,0,1,100,0,100,340
374,Forest,ax1le,2,2,0,116,147,-31,0,0,0,0,0,0,2,2,0,116,147,-31,340
375,Tetris,ax1le,4,2,2,332,309,23,0,1,-1,0,100,-100,4,1,3,332,209,123,340
376,Deep T Apps Underpass STairs,ax1le,7,2,5,680,247,433,0,0,0,15,9,6,7,2,5,665,238,427,340
377,Top Van,ax1le,3,3,0,273,225,48,0,0,0,14,9,5,3,3,0,259,216,43,340
378,Middle Bench,ax1le,1,0,1,100,8,92,0,0,0,0,0,0,1,0,1,100,8,92,340
379,Close Right Market Window,ax1le,3,1,2,240,7,233,0,0,0,0,0,0,3,1,2,240,7,233,340
380,Bottom Mid Boosting Snipers,ax1le,1,0,1,6,0,6,1,0,1,6,0,6,0,0,0,0,0,0,340
381,Right Side Platform,ax1le,0,2,-2,0,182,-182,0,0,0,0,0,0,0,2,-2,0,182,-182,340
382,Sandwhich,ax1le,1,2,-1,74,110,-36,0,0,0,0,0,0,1,2,-1,74,110,-36,340
383,Behind Big Boxes,ax1le,1,1,0,100,100,0,0,1,-1,0,100,-100,1,0,1,100,0,100,340
384,Top Mid Catwalk,ax1le,0,1,-1,0,100,-100,0,0,0,0,0,0,0,1,-1,0,100,-100,340
385,Snipers Palace Peek,ax1le,3,2,1,306,200,106,2,2,0,156,200,-44,1,0,1,150,0,150,340
386,CT Spawn,ax1le,1,1,0,123,100,23,0,1,-1,63,100,-37,1,0,1,60,0,60,340
387,CT Left Side,ax1le,1,0,1,50,16,34,1,0,1,50,16,34,0,0,0,0,0,0,340
388,T Spawn A Ramp,ax1le,1,2,-1,99,188,-89,0,0,0,0,0,0,1,2,-1,99,188,-89,340
389,CT Outside Market,ax1le,2,1,1,205,100,105,0,1,-1,41,100,-59,2,0,2,164,0,164,340
390,Top Mid Boxes Left Side Peek,ax1le,1,0,1,32,0,32,0,0,0,0,0,0,1,0,1,32,0,32,340
391,Back B Site Peeking Apps/Plat,ax1le,5,1,4,466,170,296,0,0,0,0,0,0,5,1,4,466,170,296,340
392,B Site Default Plant,ax1le,2,2,0,73,199,-126,1,0,1,41,66,-25,1,2,-1,32,133,-101,340
393,Deep Palace,ax1le,0,2,-2,151,200,-49,0,0,0,0,0,0,0,2,-2,151,200,-49,340
394,Stairs Palace Peek,ax1le,1,0,1,139,0,139,1,0,1,139,0,139,0,0,0,0,0,0,340
395,Under window B apps,ax1le,0,0,0,23,24,-1,0,0,0,0,0,0,0,0,0,23,24,-1,340
396,Top Mid Boxes Right Side Peek,ax1le,0,0,0,0,0,0,0,0,0,0,0,0,0,0,0,0,0,0,340
397,Top Mid towards Apps,ax1le,1,2,-1,214,285,-71,0,0,0,0,0,0,1,2,-1,214,285,-71,340
398,market,ax1le,0,0,0,0,63,-63,0,0,0,0,63,-63,0,0,0,0,0,0,340
399,Left Side corner deep jungle,ax1le,2,0,2,153,27,126,2,0,2,153,27,126,0,0,0,0,0,0,340
400,Top STairs,ax1le,1,2,-1,78,216,-138,1,0,1,52,0,52,0,2,-2,26,216,-190,340
401,Right Side Snipers Nest,ax1le,4,2,2,397,200,197,4,2,2,397,200,197,0,0,0,0,0,0,340
402,Van Barrel Peek,ax1le,4,0,4,310,50,260,0,0,0,0,0,0,4,0,4,310,50,260,340
403,Leftside Connector,ax1le,1,1,0,15,100,-85,1,0,1,15,0,15,0,1,-1,0,100,-100,340
404,Right Side Connector,ax1le,1,1,0,202,96,106,0,0,0,26,0,26,1,1,0,176,96,80,340
405,Under balcony,ax1le,0,0,0,0,0,0,0,0,0,0,0,0,0,0,0,0,0,0,340
406,Attic,ax1le,0,1,-1,0,33,-33,0,1,-1,0,33,-33,0,0,0,0,0,0,340
407,Jungle Plant,ax1le,1,1,0,108,78,30,0,0,0,0,0,0,1,1,0,108,78,30,340
408,Close Market Window,ax1le,1,0,1,62,44,18,1,0,1,62,44,18,0,0,0,0,0,0,340
409,Ninja,ax1le,0,0,0,0,0,0,0,0,0,0,0,0,0,0,0,0,0,0,340
410,Deep T Spawn T Ramp,ax1le,0,1,-1,57,85,-28,0,0,0,0,0,0,0,1,-1,57,85,-28,340
411,Balcony Boaxes,ax1le,0,0,0,0,0,0,0,0,0,0,0,0,0,0,0,0,0,0,340
412,Chair,ax1le,0,0,0,0,0,0,0,0,0,0,0,0,0,0,0,0,0,0,340
413,T Palace Stairs Peek,ax1le,3,1,2,182,234,-52,0,0,0,0,0,0,3,1,2,182,234,-52,340
414,T Spawn towards Apps,ax1le,0,1,-1,160,100,60,0,1,-1,96,100,-4,0,0,0,64,0,64,340
415,Connector behind box,ax1le,0,0,0,7,1,6,0,0,0,0,0,0,0,0,0,7,1,6,340
416,EastForest,ax1le,0,1,-1,0,61,-61,0,0,0,0,0,0,0,1,-1,0,61,-61,340
417,Murder Hole,ax1le,0,1,-1,0,100,-100,0,1,-1,0,100,-100,0,0,0,0,0,0,340
418,Elevated Snipers Awp Peek,ax1le,0,0,0,0,0,0,0,0,0,0,0,0,0,0,0,0,0,0,340
