,Location,Player,Total Kills,Total Deaths,K/D,Total Damage Dealt,Total Damage Taken,Total Damage Differential,CT Kills,CT Deaths,CT K/D,CT Damage Dealt,CT Damage Taken,CT Damage Differential,T Kills,T Deaths,T K/D,T Damage Dealt,T Damage Taken,T Damage Differential,Total Rounds
0,Ticketbooth ,Jame,19,5,14,1885,848,1037,16,5,11,1666,848,818,3,0,3,219,0,219,256
1,A Ramp,Jame,7,3,4,586,377,209,0,0,0,0,0,0,7,3,4,586,377,209,256
2,CT Side Apps,Jame,3,6,-3,235,641,-406,0,0,0,0,0,0,3,6,-3,235,641,-406,256
3,Default A,Jame,3,7,-4,307,633,-326,1,3,-2,114,233,-119,2,4,-2,193,400,-207,256
4,Close Market door,Jame,9,5,4,849,634,215,6,5,1,591,602,-11,3,0,3,258,32,226,256
5,Bottom Stairs,Jame,10,5,5,714,680,34,9,3,6,608,396,212,1,2,-1,106,284,-178,256
6,Close A Ramp,Jame,5,7,-2,603,678,-75,3,1,2,252,148,104,2,6,-4,351,530,-179,256
7,Deep Jungle,Jame,3,5,-2,432,468,-36,2,2,0,248,237,11,1,3,-2,184,231,-47,256
8,Top Mid Left Side,Jame,1,1,0,125,122,3,0,0,0,0,0,0,1,1,0,125,122,3,256
9,A Site Exposed to Stairs Connector Cat,Jame,3,1,2,261,199,62,2,0,2,251,36,215,1,1,0,10,163,-153,256
10,Market Window Peek,Jame,7,5,2,753,547,206,7,4,3,753,479,274,0,1,-1,0,68,-68,256
11,Triple Box,Jame,1,4,-3,100,509,-409,1,1,0,100,195,-95,0,3,-3,0,314,-314,256
12,Underpass,Jame,6,6,0,655,510,145,5,2,3,510,160,350,1,4,-3,145,350,-205,256
13,Mid Close Connector,Jame,1,3,-2,208,480,-272,0,0,0,0,56,-56,1,3,-2,208,424,-216,256
14,market,Jame,5,7,-2,521,805,-284,5,6,-1,521,705,-184,0,1,-1,0,100,-100,256
15,Bench,Jame,5,2,3,460,223,237,2,1,1,287,123,164,3,1,2,173,100,73,256
16,Tetris,Jame,4,4,0,403,420,-17,0,0,0,0,0,0,4,4,0,403,420,-17,256
17,Ladder Room Catwalk Side,Jame,2,4,-2,224,260,-36,0,2,-2,0,141,-141,2,2,0,224,119,105,256
18,A Site,Jame,1,2,-1,128,230,-102,1,0,1,106,30,76,0,2,-2,22,200,-178,256
19,Back B Site Peeking Apps/Plat,Jame,1,2,-1,156,200,-44,0,0,0,0,0,0,1,2,-1,156,200,-44,256
20,Snipers Nest,Jame,4,3,1,532,471,61,3,3,0,362,445,-83,1,0,1,170,26,144,256
21,Left Side Platform,Jame,2,3,-1,262,323,-61,1,2,-1,100,200,-100,1,1,0,162,123,39,256
22,Catwalk Connector Peek,Jame,2,2,0,225,281,-56,0,1,-1,0,181,-181,2,1,1,225,100,125,256
23,Close Left CT A Ramp,Jame,5,2,3,454,140,314,0,1,-1,0,100,-100,5,1,4,454,40,414,256
24,B Bombsite Cross to Catwalk,Jame,4,2,2,164,280,-116,1,1,0,2,19,-17,3,1,2,162,261,-99,256
25,T Palace Stairs Peek,Jame,0,1,-1,0,115,-115,0,1,-1,0,100,-100,0,0,0,0,15,-15,256
26,Deep CT,Jame,1,2,-1,34,131,-97,0,2,-2,22,131,-109,1,0,1,12,0,12,256
27,Deep T Apps,Jame,1,0,1,100,24,76,0,0,0,0,0,0,1,0,1,100,24,76,256
28,T Spawn A Ramp,Jame,4,2,2,405,260,145,0,0,0,0,0,0,4,2,2,405,260,145,256
29,Deep Catwalk,Jame,3,1,2,210,100,110,1,0,1,60,0,60,2,1,1,150,100,50,256
30,Deep T Apps Underpass STairs,Jame,0,1,-1,99,60,39,0,1,-1,72,60,12,0,0,0,27,0,27,256
31,Back Left B Site From T's' Perspective,Jame,3,0,3,217,95,122,2,0,2,117,35,82,1,0,1,100,60,40,256
32,Top Mid,Jame,2,0,2,153,100,53,1,0,1,53,0,53,1,0,1,100,100,0,256
33,Right Side Connector,Jame,6,1,5,646,179,467,6,1,5,646,179,467,0,0,0,0,0,0,256
34,Snipers Palace Peek,Jame,9,3,6,965,502,463,9,2,7,954,403,551,0,1,-1,11,99,-88,256
35,Murder Hole,Jame,0,1,-1,10,100,-90,0,1,-1,10,100,-90,0,0,0,0,0,0,256
36,Back Right B Site from T's Perspective,Jame,2,2,0,255,193,62,1,1,0,166,100,66,1,1,0,89,93,-4,256
37,Underneath B apps plat,Jame,0,0,0,27,28,-1,0,0,0,0,0,0,0,0,0,27,28,-1,256
38,Bottom Connector,Jame,3,0,3,235,74,161,1,0,1,35,0,35,2,0,2,200,74,126,256
39,Catwalk Plant B Site,Jame,1,1,0,93,82,11,1,1,0,93,44,49,0,0,0,0,38,-38,256
40,B Site Default Plant,Jame,4,2,2,260,117,143,2,0,2,192,0,192,2,2,0,68,117,-49,256
41,T Deep Apps Underpass/Apps Peek,Jame,0,0,0,130,92,38,0,0,0,0,0,0,0,0,0,130,92,38,256
42,CT Left Side,Jame,2,3,-1,418,268,150,1,2,-1,318,209,109,1,1,0,100,59,41,256
43,CT Catwalk,Jame,4,0,4,367,12,355,1,0,1,104,12,92,3,0,3,263,0,263,256
44,Top Mid towards Apps,Jame,1,1,0,127,101,26,1,0,1,0,0,0,0,1,-1,127,101,26,256
45,B site Market Plant,Jame,2,0,2,110,0,110,1,0,1,97,0,97,1,0,1,13,0,13,256
46,Connector behind box,Jame,0,2,-2,0,199,-199,0,2,-2,0,199,-199,0,0,0,0,0,0,256
47,Van Barrel Peek,Jame,1,1,0,87,122,-35,0,0,0,0,0,0,1,1,0,87,122,-35,256
48,Catwalk T Aparments Peek,Jame,0,0,0,0,0,0,0,0,0,0,0,0,0,0,0,0,0,0,256
49,Deep Palace,Jame,0,2,-2,22,200,-178,0,1,-1,22,100,-78,0,1,-1,0,100,-100,256
50,Top Balcony,Jame,1,1,0,203,100,103,1,1,0,203,100,103,0,0,0,0,0,0,256
51,Forest,Jame,0,0,0,0,0,0,0,0,0,0,0,0,0,0,0,0,0,0,256
52,Apartments Right CT Corner,Jame,0,0,0,0,0,0,0,0,0,0,0,0,0,0,0,0,0,0,256
53,Top Mid Boxes Left Side Peek,Jame,1,1,0,100,103,-3,0,0,0,0,0,0,1,1,0,100,103,-3,256
54,Leftside Connector,Jame,2,2,0,100,183,-83,2,1,1,100,100,0,0,1,-1,0,83,-83,256
55,Sandwhich,Jame,0,1,-1,0,100,-100,0,0,0,0,0,0,0,1,-1,0,100,-100,256
56,Arch,Jame,2,0,2,146,0,146,0,0,0,0,0,0,2,0,2,146,0,146,256
57,Top STairs,Jame,2,0,2,174,0,174,1,0,1,100,0,100,1,0,1,74,0,74,256
58,Top Mid Catwalk,Jame,0,1,-1,0,155,-155,0,0,0,0,0,0,0,1,-1,0,155,-155,256
59,CT Outside Market,Jame,1,0,1,100,77,23,0,0,0,0,49,-49,1,0,1,100,28,72,256
60,Safe Plant B Site,Jame,0,1,-1,0,46,-46,0,1,-1,0,46,-46,0,0,0,0,0,0,256
61,Ninja,Jame,2,1,1,238,151,87,2,1,1,238,151,87,0,0,0,0,0,0,256
62,T Deep apps,Jame,1,1,0,163,100,63,1,1,0,100,100,0,0,0,0,63,0,63,256
63,Jungle Plant,Jame,1,0,1,10,29,-19,1,0,1,2,0,2,0,0,0,8,29,-21,256
64,Stairs Palace Peek,Jame,2,0,2,66,0,66,2,0,2,58,0,58,0,0,0,8,0,8,256
65,Elevated Snipers Awp Peek,Jame,3,0,3,369,128,241,3,0,3,369,128,241,0,0,0,0,0,0,256
66,Chair,Jame,0,1,-1,0,16,-16,0,0,0,0,0,0,0,1,-1,0,16,-16,256
67,Left Side corner deep jungle,Jame,2,0,2,114,0,114,2,0,2,114,0,114,0,0,0,0,0,0,256
68,Top Connector,Jame,2,0,2,104,18,86,1,0,1,4,1,3,1,0,1,100,17,83,256
69,Bottom Mid Ladder Room Peek,Jame,1,1,0,100,105,-5,1,1,0,100,100,0,0,0,0,0,5,-5,256
70,Close Market Window,Jame,2,1,1,134,94,40,2,1,1,134,94,40,0,0,0,0,0,0,256
71,BackofB,Jame,0,1,-1,0,85,-85,0,0,0,0,0,0,0,1,-1,0,85,-85,256
72,Bench Closer to Tribox,Jame,2,1,1,200,100,100,2,0,2,200,0,200,0,1,-1,0,100,-100,256
73,Firebox,Jame,0,0,0,0,0,0,0,0,0,0,0,0,0,0,0,0,0,0,256
74,Balcony Boaxes,Jame,0,0,0,0,3,-3,0,0,0,0,0,0,0,0,0,0,3,-3,256
75,T Spawn towards Apps,Jame,1,0,1,100,0,100,0,0,0,0,0,0,1,0,1,100,0,100,256
76,Deep Catwalk,Buster,15,11,4,1704,1221,483,13,7,6,1560,905,655,2,4,-2,144,316,-172,256
77,Triple Box,Buster,5,8,-3,616,745,-129,4,3,1,515,351,164,1,5,-4,101,394,-293,256
78,CT Side Apps,Buster,3,7,-4,435,687,-252,0,0,0,0,0,0,3,7,-4,435,687,-252,256
79,Ticketbooth ,Buster,7,6,1,656,527,129,5,4,1,401,389,12,2,2,0,255,138,117,256
80,Top Balcony,Buster,11,7,4,978,636,342,1,0,1,108,0,108,10,7,3,870,636,234,256
81,B Bombsite Cross to Catwalk,Buster,1,4,-3,152,400,-248,1,1,0,98,100,-2,0,3,-3,54,300,-246,256
82,A Site Exposed to Stairs Connector Cat,Buster,5,5,0,617,721,-104,0,1,-1,94,100,-6,5,4,1,523,621,-98,256
83,A Ramp,Buster,6,6,0,687,949,-262,0,1,-1,0,127,-127,6,5,1,687,822,-135,256
84,Default A,Buster,3,3,0,287,239,48,3,2,1,265,200,65,0,1,-1,22,39,-17,256
85,Bottom Stairs,Buster,6,5,1,536,337,199,2,4,-2,129,193,-64,4,1,3,407,144,263,256
86,CT Catwalk,Buster,17,9,8,1660,1052,608,17,9,8,1660,1052,608,0,0,0,0,0,0,256
87,CT Deep Catwalk Mid peek,Buster,11,8,3,1466,786,680,11,7,4,1466,686,780,0,1,-1,0,100,-100,256
88,A Site,Buster,2,7,-5,347,604,-257,1,1,0,100,100,0,1,6,-5,247,504,-257,256
89,Mid Close Connector,Buster,1,2,-1,108,203,-95,0,1,-1,0,100,-100,1,1,0,108,103,5,256
90,Bottom Connector,Buster,2,2,0,303,228,75,1,1,0,122,100,22,1,1,0,181,128,53,256
91,Arch,Buster,5,5,0,559,555,4,5,4,1,559,455,104,0,1,-1,0,100,-100,256
92,Jungle Plant,Buster,2,4,-2,179,390,-211,1,0,1,45,0,45,1,4,-3,134,390,-256,256
93,Left Side Platform,Buster,0,3,-3,68,300,-232,0,1,-1,32,100,-68,0,2,-2,36,200,-164,256
94,Deep Jungle,Buster,0,3,-3,144,260,-116,0,2,-2,98,200,-102,0,1,-1,46,60,-14,256
95,Catwalk Plant B Site,Buster,1,3,-2,158,352,-194,0,0,0,0,0,0,1,3,-2,158,352,-194,256
96,Catwalk T Aparments Peek,Buster,7,3,4,829,514,315,7,3,4,829,514,315,0,0,0,0,0,0,256
97,Snipers Nest,Buster,1,1,0,45,123,-78,1,1,0,45,123,-78,0,0,0,0,0,0,256
98,T Palace Stairs Peek,Buster,3,4,-1,492,482,10,0,1,-1,88,100,-12,3,3,0,404,382,22,256
99,Underneath B apps plat,Buster,1,2,-1,320,171,149,1,1,0,244,73,171,0,1,-1,76,98,-22,256
100,Top Mid Left Side,Buster,0,2,-2,111,312,-201,0,0,0,0,0,0,0,2,-2,111,312,-201,256
101,Bench,Buster,3,2,1,206,191,15,3,2,1,206,191,15,0,0,0,0,0,0,256
102,Catwalk Connector Peek,Buster,6,1,5,499,247,252,5,1,4,466,185,281,1,0,1,33,62,-29,256
103,Back B Site Peeking Apps/Plat,Buster,0,0,0,0,0,0,0,0,0,0,0,0,0,0,0,0,0,0,256
104,Top Connector,Buster,2,2,0,108,172,-64,2,0,2,108,0,108,0,2,-2,0,172,-172,256
105,Close Left CT A Ramp,Buster,0,0,0,0,0,0,0,0,0,0,0,0,0,0,0,0,0,0,256
106,Close A Ramp,Buster,3,2,1,385,123,262,0,0,0,0,0,0,3,2,1,385,123,262,256
107,B Site Default Plant,Buster,0,2,-2,26,223,-197,0,0,0,26,0,26,0,2,-2,0,223,-223,256
108,Bottom Mid Ladder Room Peek,Buster,0,0,0,0,2,-2,0,0,0,0,2,-2,0,0,0,0,0,0,256
109,Deep CT,Buster,0,2,-2,27,166,-139,0,1,-1,0,100,-100,0,1,-1,27,66,-39,256
110,Snipers Palace Peek,Buster,0,1,-1,0,98,-98,0,1,-1,0,98,-98,0,0,0,0,0,0,256
111,Left Side corner deep jungle,Buster,0,0,0,0,0,0,0,0,0,0,0,0,0,0,0,0,0,0,256
112,Right Side Snipers Nest,Buster,3,1,2,416,183,233,2,1,1,316,161,155,1,0,1,100,22,78,256
113,Deep T Apps,Buster,1,0,1,116,71,45,0,0,0,0,0,0,1,0,1,116,71,45,256
114,Leftside Connector,Buster,0,2,-2,0,200,-200,0,2,-2,0,200,-200,0,0,0,0,0,0,256
115,Sandwhich,Buster,1,2,-1,232,293,-61,0,0,0,0,0,0,1,2,-1,232,293,-61,256
116,market,Buster,1,3,-2,97,300,-203,1,3,-2,97,300,-203,0,0,0,0,0,0,256
117,Right Side Connector,Buster,0,2,-2,44,203,-159,0,1,-1,44,102,-58,0,1,-1,0,101,-101,256
118,CT Left Side,Buster,1,0,1,74,26,48,1,0,1,74,26,48,0,0,0,0,0,0,256
119,Tetris,Buster,0,0,0,39,0,39,0,0,0,0,0,0,0,0,0,39,0,39,256
120,Forest,Buster,1,1,0,45,98,-53,1,0,1,45,0,45,0,1,-1,0,98,-98,256
121,B site Market Plant,Buster,0,1,-1,38,100,-62,0,0,0,26,0,26,0,1,-1,12,100,-88,256
122,T Deep Apps Underpass/Apps Peek,Buster,2,1,1,200,112,88,0,0,0,0,0,0,2,1,1,200,112,88,256
123,Right Side Platform,Buster,0,1,-1,3,101,-98,0,0,0,0,0,0,0,1,-1,3,101,-98,256
124,Deep T Spawn T Ramp,Buster,0,1,-1,26,54,-28,0,0,0,0,0,0,0,1,-1,26,54,-28,256
125,Chair,Buster,0,0,0,4,91,-87,0,0,0,0,0,0,0,0,0,4,91,-87,256
126,Back Right B Site from T's Perspective,Buster,2,2,0,24,200,-176,2,2,0,24,200,-176,0,0,0,0,0,0,256
127,Deep Palace,Buster,2,2,0,292,221,71,0,0,0,0,93,-93,2,2,0,292,128,164,256
128,Connector behind box,Buster,1,0,1,100,71,29,0,0,0,0,0,0,1,0,1,100,71,29,256
129,Top Van,Buster,1,0,1,32,0,32,1,0,1,32,0,32,0,0,0,0,0,0,256
130,Under balcony,Buster,0,0,0,0,0,0,0,0,0,0,0,0,0,0,0,0,0,0,256
131,Close Market door,Buster,0,1,-1,26,100,-74,0,1,-1,26,100,-74,0,0,0,0,0,0,256
132,Firebox,Buster,0,1,-1,0,7,-7,0,1,-1,0,7,-7,0,0,0,0,0,0,256
133,Ninja,Buster,1,1,0,100,74,26,0,1,-1,0,74,-74,1,0,1,100,0,100,256
134,Deep T Apps Underpass STairs,Buster,0,0,0,0,0,0,0,0,0,0,0,0,0,0,0,0,0,0,256
135,Safe Plant B Site,Buster,0,0,0,0,0,0,0,0,0,0,0,0,0,0,0,0,0,0,256
136,Top Mid,Buster,0,0,0,15,29,-14,0,0,0,0,0,0,0,0,0,15,29,-14,256
137,Inside Market Doors,Buster,0,1,-1,0,47,-47,0,1,-1,0,47,-47,0,0,0,0,0,0,256
138,Stairs Palace Peek,Buster,1,0,1,34,24,10,1,0,1,34,24,10,0,0,0,0,0,0,256
139,CT Spawn,Buster,0,1,-1,0,42,-42,0,1,-1,0,22,-22,0,0,0,0,20,-20,256
140,Elevated Snipers Awp Peek,Buster,0,1,-1,0,0,0,0,1,-1,0,0,0,0,0,0,0,0,0,256
141,Top Mid Right Side,Buster,1,0,1,100,0,100,1,0,1,100,0,100,0,0,0,0,0,0,256
142,Murder Hole,Buster,0,1,-1,89,100,-11,0,1,-1,89,100,-11,0,0,0,0,0,0,256
143,Van Barrel Peek,Buster,0,1,-1,27,98,-71,0,0,0,0,0,0,0,1,-1,27,98,-71,256
144,Top Mid towards Apps,Buster,0,0,0,95,38,57,0,0,0,0,0,0,0,0,0,95,38,57,256
145,T Spawn towards Apps,Buster,0,1,-1,0,100,-100,0,0,0,0,0,0,0,1,-1,0,100,-100,256
146,Under window B apps,Buster,0,0,0,0,0,0,0,0,0,0,0,0,0,0,0,0,0,0,256
147,CT Outside Market,Buster,0,0,0,0,0,0,0,0,0,0,0,0,0,0,0,0,0,0,256
148,Middle Bench,Buster,1,0,1,12,0,12,1,0,1,12,0,12,0,0,0,0,0,0,256
149,Ladder Room Catwalk Side,Buster,6,0,6,574,30,544,4,0,4,374,30,344,2,0,2,200,0,200,256
150,Mid Close Connector,Yekindar,8,11,-3,1069,1058,11,3,8,-5,453,717,-264,5,3,2,616,341,275,256
151,Top Mid Left Side,Yekindar,2,9,-7,303,1281,-978,0,0,0,0,0,0,2,9,-7,303,1281,-978,256
152,Deep Jungle,Yekindar,11,13,-2,1374,1181,193,4,7,-3,601,726,-125,7,6,1,773,455,318,256
153,Bottom Stairs,Yekindar,6,6,0,738,798,-60,2,5,-3,242,590,-348,4,1,3,496,208,288,256
154,Top Mid,Yekindar,5,5,0,636,490,146,2,4,-2,336,319,17,3,1,2,300,171,129,256
155,Underpass,Yekindar,6,4,2,816,467,349,3,1,2,456,131,325,3,3,0,360,336,24,256
156,Deep Catwalk,Yekindar,4,3,1,317,278,39,2,1,1,117,100,17,2,2,0,200,178,22,256
157,Top Mid Catwalk,Yekindar,4,6,-2,551,554,-3,3,2,1,419,200,219,1,4,-3,132,354,-222,256
158,Ticketbooth ,Yekindar,5,4,1,455,404,51,2,1,1,200,11,189,3,3,0,255,393,-138,256
159,Top Balcony,Yekindar,0,3,-3,18,224,-206,0,2,-2,18,200,-182,0,1,-1,0,24,-24,256
160,Snipers Nest,Yekindar,3,5,-2,484,443,41,1,3,-2,284,243,41,2,2,0,200,200,0,256
161,Bottom Connector,Yekindar,5,6,-1,490,733,-243,3,3,0,243,347,-104,2,3,-1,247,386,-139,256
162,A Ramp,Yekindar,3,2,1,362,333,29,2,0,2,151,0,151,1,2,-1,211,333,-122,256
163,CT Side Apps,Yekindar,5,3,2,486,613,-127,2,0,2,200,119,81,3,3,0,286,494,-208,256
164,Catwalk Connector Peek,Yekindar,6,4,2,598,422,176,3,1,2,300,181,119,3,3,0,298,241,57,256
165,Bottom Mid Ladder Room Peek,Yekindar,4,5,-1,501,544,-43,2,2,0,293,225,68,2,3,-1,208,319,-111,256
166,Default A,Yekindar,4,2,2,445,171,274,2,0,2,193,0,193,2,2,0,252,171,81,256
167,Close A Ramp,Yekindar,1,4,-3,78,280,-202,0,2,-2,63,174,-111,1,2,-1,15,106,-91,256
168,Leftside Connector,Yekindar,4,4,0,489,405,84,4,4,0,486,321,165,0,0,0,3,84,-81,256
169,CT Catwalk,Yekindar,4,4,0,419,392,27,3,0,3,319,48,271,1,4,-3,100,344,-244,256
170,Snipers Palace Peek,Yekindar,4,3,1,499,467,32,2,2,0,299,277,22,2,1,1,200,190,10,256
171,Triple Box,Yekindar,2,3,-1,242,339,-97,2,2,0,215,283,-68,0,1,-1,27,56,-29,256
172,B Bombsite Cross to Catwalk,Yekindar,1,3,-2,76,360,-284,0,1,-1,3,70,-67,1,2,-1,73,290,-217,256
173,A Site,Yekindar,3,4,-1,247,337,-90,1,0,1,100,37,63,2,4,-2,147,300,-153,256
174,Close Left CT A Ramp,Yekindar,0,3,-3,157,270,-113,0,0,0,0,0,0,0,3,-3,157,270,-113,256
175,Top Mid towards Apps,Yekindar,3,2,1,335,260,75,0,1,-1,0,100,-100,3,1,2,335,160,175,256
176,Deep Palace,Yekindar,2,2,0,250,416,-166,2,1,1,250,240,10,0,1,-1,0,176,-176,256
177,Behind Big Boxes,Yekindar,1,2,-1,133,350,-217,0,1,-1,0,100,-100,1,1,0,133,250,-117,256
178,A Site Exposed to Stairs Connector Cat,Yekindar,1,2,-1,49,222,-173,1,1,0,49,74,-25,0,1,-1,0,148,-148,256
179,Underneath B apps plat,Yekindar,0,3,-3,122,294,-172,0,0,0,0,0,0,0,3,-3,122,294,-172,256
180,Arch,Yekindar,0,2,-2,57,200,-143,0,2,-2,57,200,-143,0,0,0,0,0,0,256
181,Deep T Apps,Yekindar,1,1,0,100,65,35,0,0,0,0,0,0,1,1,0,100,65,35,256
182,Connector behind box,Yekindar,1,1,0,154,222,-68,1,1,0,154,222,-68,0,0,0,0,0,0,256
183,Close Market door,Yekindar,1,1,0,148,66,82,1,1,0,148,66,82,0,0,0,0,0,0,256
184,Top STairs,Yekindar,7,2,5,740,170,570,2,1,1,313,78,235,5,1,4,427,92,335,256
185,Tetris,Yekindar,2,1,1,211,126,85,1,1,0,182,126,56,1,0,1,29,0,29,256
186,market,Yekindar,0,1,-1,81,149,-68,0,1,-1,81,149,-68,0,0,0,0,0,0,256
187,Bottom Mid Boosting Snipers,Yekindar,4,3,1,385,317,68,4,3,1,385,317,68,0,0,0,0,0,0,256
188,Catwalk T Aparments Peek,Yekindar,3,0,3,279,41,238,2,0,2,112,0,112,1,0,1,167,41,126,256
189,Left Side Platform,Yekindar,1,2,-1,100,156,-56,0,0,0,0,0,0,1,2,-1,100,156,-56,256
190,CT Left Side,Yekindar,0,2,-2,0,17,-17,0,0,0,0,0,0,0,2,-2,0,17,-17,256
191,T Palace Stairs Peek,Yekindar,3,2,1,405,248,157,3,2,1,302,208,94,0,0,0,103,40,63,256
192,Right Side Snipers Nest,Yekindar,2,2,0,169,224,-55,2,1,1,163,127,36,0,1,-1,6,97,-91,256
193,Catwalk Plant B Site,Yekindar,0,1,-1,19,26,-7,0,1,-1,19,26,-7,0,0,0,0,0,0,256
194,Back Left B Site From T's' Perspective,Yekindar,0,1,-1,122,45,77,0,1,-1,122,45,77,0,0,0,0,0,0,256
195,Right Side Connector,Yekindar,2,2,0,234,331,-97,2,2,0,234,331,-97,0,0,0,0,0,0,256
196,Under balcony,Yekindar,0,0,0,25,0,25,0,0,0,25,0,25,0,0,0,0,0,0,256
197,Murder Hole,Yekindar,1,1,0,140,176,-36,0,1,-1,40,100,-60,1,0,1,100,76,24,256
198,Ladder Room Catwalk Side,Yekindar,2,1,1,286,132,154,1,1,0,168,132,36,1,0,1,118,0,118,256
199,B Site Default Plant,Yekindar,1,0,1,97,0,97,0,0,0,0,0,0,1,0,1,97,0,97,256
200,Close Right Market Window,Yekindar,1,1,0,154,91,63,1,0,1,100,81,19,0,1,-1,54,10,44,256
201,Forest,Yekindar,1,1,0,108,100,8,1,1,0,108,100,8,0,0,0,0,0,0,256
202,Sandwhich,Yekindar,0,0,0,0,0,0,0,0,0,0,0,0,0,0,0,0,0,0,256
203,Middle Bench,Yekindar,0,1,-1,59,114,-55,0,0,0,0,25,-25,0,1,-1,59,89,-30,256
204,Back B Site Peeking Apps/Plat,Yekindar,0,2,-2,0,110,-110,0,0,0,0,26,-26,0,2,-2,0,84,-84,256
205,Bench Closer To Jungle,Yekindar,0,2,-2,73,187,-114,0,1,-1,12,87,-75,0,1,-1,61,100,-39,256
206,Top Mid Boxes Left Side Peek,Yekindar,1,2,-1,126,181,-55,0,0,0,0,0,0,1,2,-1,126,181,-55,256
207,Top Mid Right Side,Yekindar,0,1,-1,0,106,-106,0,0,0,0,0,0,0,1,-1,0,106,-106,256
208,CT Outside Market,Yekindar,0,0,0,0,0,0,0,0,0,0,0,0,0,0,0,0,0,0,256
209,Top Connector,Yekindar,0,1,-1,9,143,-134,0,0,0,9,66,-57,0,1,-1,0,77,-77,256
210,Under window B apps,Yekindar,1,1,0,0,100,-100,1,0,1,0,0,0,0,1,-1,0,100,-100,256
211,Jungle Plant,Yekindar,0,1,-1,44,53,-9,0,1,-1,44,53,-9,0,0,0,0,0,0,256
212,CT Deep Catwalk Mid peek,Yekindar,2,1,1,170,163,7,2,0,2,170,101,69,0,1,-1,0,62,-62,256
213,Inside Market Doors,Yekindar,0,1,-1,3,4,-1,0,1,-1,3,4,-1,0,0,0,0,0,0,256
214,Deep T Spawn T Ramp,Yekindar,0,1,-1,0,11,-11,0,0,0,0,0,0,0,1,-1,0,11,-11,256
215,B site Market Plant,Yekindar,0,1,-1,0,100,-100,0,1,-1,0,100,-100,0,0,0,0,0,0,256
216,Top Mid Boxes Right Side Peek,Yekindar,2,1,1,234,118,116,1,0,1,100,0,100,1,1,0,134,118,16,256
217,Ninja,Yekindar,0,0,0,54,95,-41,0,0,0,54,95,-41,0,0,0,0,0,0,256
218,Deep CT,Yekindar,0,0,0,0,0,0,0,0,0,0,0,0,0,0,0,0,0,0,256
219,CT Spawn,Yekindar,0,1,-1,0,39,-39,0,0,0,0,0,0,0,1,-1,0,39,-39,256
220,Firebox,Yekindar,1,1,0,59,202,-143,1,1,0,59,100,-41,0,0,0,0,102,-102,256
221,T Spawn,Yekindar,0,1,-1,0,50,-50,0,0,0,0,0,0,0,1,-1,0,50,-50,256
222,Stairs Palace Peek,Yekindar,3,1,2,402,109,293,1,1,0,248,100,148,2,0,2,154,9,145,256
223,Balcony Boaxes,Yekindar,0,1,-1,49,100,-51,0,1,-1,49,100,-51,0,0,0,0,0,0,256
224,Close Market Window,Yekindar,0,0,0,0,0,0,0,0,0,0,0,0,0,0,0,0,0,0,256
225,Back Right B Site from T's Perspective,Yekindar,1,1,0,79,166,-87,1,1,0,79,166,-87,0,0,0,0,0,0,256
226,T Spawn towards Apps,Yekindar,1,0,1,100,0,100,0,0,0,0,0,0,1,0,1,100,0,100,256
227,Left Side corner deep jungle,Yekindar,6,1,5,647,205,442,5,1,4,547,205,342,1,0,1,100,0,100,256
228,Register Market,Yekindar,0,1,-1,0,100,-100,0,1,-1,0,100,-100,0,0,0,0,0,0,256
229,CT Side Apps,Sanji,3,6,-3,325,734,-409,0,1,-1,0,100,-100,3,5,-2,325,634,-309,256
230,A Site,Sanji,3,4,-1,327,469,-142,0,0,0,0,0,0,3,4,-1,327,469,-142,256
231,A Site Exposed to Stairs Connector Cat,Sanji,4,8,-4,407,692,-285,2,3,-1,127,255,-128,2,5,-3,280,437,-157,256
232,Left Side Platform,Sanji,2,7,-5,496,506,-10,2,2,0,485,181,304,0,5,-5,11,325,-314,256
233,Underneath B apps plat,Sanji,12,10,2,1476,1347,129,9,8,1,1251,1191,60,3,2,1,225,156,69,256
234,Bottom Stairs,Sanji,2,6,-4,129,612,-483,1,4,-3,114,400,-286,1,2,-1,15,212,-197,256
235,Ticketbooth ,Sanji,8,5,3,713,499,214,6,5,1,548,446,102,2,0,2,165,53,112,256
236,Deep Jungle,Sanji,11,5,6,1016,677,339,9,1,8,717,293,424,2,4,-2,299,384,-85,256
237,Catwalk Plant B Site,Sanji,2,3,-1,270,335,-65,1,1,0,116,188,-72,1,2,-1,154,147,7,256
238,Bench,Sanji,1,8,-7,77,621,-544,1,8,-7,77,621,-544,0,0,0,0,0,0,256
239,Deep T Apps,Sanji,0,4,-4,299,730,-431,0,1,-1,31,79,-48,0,3,-3,268,651,-383,256
240,Top Balcony,Sanji,2,0,2,229,21,208,2,0,2,200,12,188,0,0,0,29,9,20,256
241,Top Mid,Sanji,2,2,0,222,241,-19,0,0,0,0,0,0,2,2,0,222,241,-19,256
242,CT Deep Catwalk Mid peek,Sanji,2,3,-1,177,300,-123,2,2,0,177,200,-23,0,1,-1,0,100,-100,256
243,Back B Site Peeking Apps/Plat,Sanji,3,7,-4,364,733,-369,3,5,-2,364,602,-238,0,2,-2,0,131,-131,256
244,T Deep Apps Underpass/Apps Peek,Sanji,2,5,-3,252,564,-312,0,0,0,0,0,0,2,5,-3,252,564,-312,256
245,Default A,Sanji,3,1,2,194,132,62,2,0,2,109,0,109,1,1,0,85,132,-47,256
246,B Bombsite Cross to Catwalk,Sanji,2,3,-1,225,364,-139,0,2,-2,25,200,-175,2,1,1,200,164,36,256
247,Mid Close Connector,Sanji,1,4,-3,15,466,-451,1,1,0,8,100,-92,0,3,-3,7,366,-359,256
248,CT Catwalk,Sanji,2,4,-2,325,427,-102,1,4,-3,228,412,-184,1,0,1,97,15,82,256
249,Deep Catwalk,Sanji,3,3,0,231,228,3,3,1,2,152,180,-28,0,2,-2,79,48,31,256
250,Underpass,Sanji,4,4,0,431,429,2,0,0,0,0,0,0,4,4,0,431,429,2,256
251,A Ramp,Sanji,2,5,-3,188,476,-288,0,0,0,0,0,0,2,5,-3,188,476,-288,256
252,Deep CT,Sanji,2,3,-1,180,307,-127,1,2,-1,107,226,-119,1,1,0,73,81,-8,256
253,Bottom Connector,Sanji,4,4,0,327,435,-108,0,0,0,0,0,0,4,4,0,327,435,-108,256
254,Close Left CT A Ramp,Sanji,1,4,-3,160,338,-178,0,0,0,0,0,0,1,4,-3,160,338,-178,256
255,Deep T Apps Underpass STairs,Sanji,1,3,-2,163,300,-137,0,0,0,0,0,0,1,3,-2,163,300,-137,256
256,Close Market door,Sanji,3,2,1,229,153,76,3,2,1,229,153,76,0,0,0,0,0,0,256
257,Back Left B Site From T's' Perspective,Sanji,2,1,1,193,100,93,2,1,1,193,100,93,0,0,0,0,0,0,256
258,B site Market Plant,Sanji,1,3,-2,94,253,-159,1,2,-1,94,200,-106,0,1,-1,0,53,-53,256
259,Top Mid Left Side,Sanji,1,3,-2,154,264,-110,0,0,0,0,0,0,1,3,-2,154,264,-110,256
260,Deep Palace,Sanji,0,2,-2,53,200,-147,0,1,-1,0,100,-100,0,1,-1,53,100,-47,256
261,Snipers Palace Peek,Sanji,4,2,2,339,202,137,2,1,1,196,72,124,2,1,1,143,130,13,256
262,B Site Default Plant,Sanji,2,0,2,181,52,129,2,0,2,181,52,129,0,0,0,0,0,0,256
263,Right Side Snipers Nest,Sanji,1,1,0,100,100,0,0,1,-1,0,100,-100,1,0,1,100,0,100,256
264,Leftside Connector,Sanji,1,1,0,176,135,41,1,1,0,100,100,0,0,0,0,76,35,41,256
265,Top Connector,Sanji,1,1,0,100,190,-90,0,0,0,0,6,-6,1,1,0,100,184,-84,256
266,Snipers Nest,Sanji,4,2,2,400,247,153,2,1,1,200,147,53,2,1,1,200,100,100,256
267,market,Sanji,0,2,-2,107,200,-93,0,2,-2,107,200,-93,0,0,0,0,0,0,256
268,Inside Market Doors,Sanji,2,3,-1,132,300,-168,1,3,-2,32,300,-268,1,0,1,100,0,100,256
269,Market Window Peek,Sanji,0,1,-1,26,100,-74,0,0,0,0,0,0,0,1,-1,26,100,-74,256
270,CT Outside Market,Sanji,1,1,0,100,134,-34,1,1,0,100,134,-34,0,0,0,0,0,0,256
271,Murder Hole,Sanji,0,1,-1,0,100,-100,0,0,0,0,0,0,0,1,-1,0,100,-100,256
272,Forest,Sanji,6,1,5,588,267,321,6,1,5,588,267,321,0,0,0,0,0,0,256
273,CT Left Side,Sanji,2,2,0,267,209,58,2,1,1,267,162,105,0,1,-1,0,47,-47,256
274,Right Side Platform,Sanji,0,0,0,0,2,-2,0,0,0,0,2,-2,0,0,0,0,0,0,256
275,Semi Elevated CT Van,Sanji,1,1,0,92,82,10,1,1,0,92,82,10,0,0,0,0,0,0,256
276,Catwalk T Aparments Peek,Sanji,2,1,1,287,121,166,2,1,1,287,121,166,0,0,0,0,0,0,256
277,Stairs Palace Peek,Sanji,0,0,0,0,0,0,0,0,0,0,0,0,0,0,0,0,0,0,256
278,Jungle Plant,Sanji,0,1,-1,0,100,-100,0,0,0,0,0,0,0,1,-1,0,100,-100,256
279,Tetris,Sanji,2,1,1,119,144,-25,0,0,0,0,0,0,2,1,1,119,144,-25,256
280,Triple Box,Sanji,4,0,4,415,27,388,3,0,3,315,27,288,1,0,1,100,0,100,256
281,Bench Closer to Tribox,Sanji,0,2,-2,0,178,-178,0,1,-1,0,100,-100,0,1,-1,0,78,-78,256
282,Top Van,Sanji,0,1,-1,0,56,-56,0,1,-1,0,56,-56,0,0,0,0,0,0,256
283,Catwalk Connector Peek,Sanji,1,0,1,235,98,137,0,0,0,91,0,91,1,0,1,144,98,46,256
284,T Palace Stairs Peek,Sanji,0,0,0,0,0,0,0,0,0,0,0,0,0,0,0,0,0,0,256
285,Behind Big Boxes,Sanji,0,0,0,0,0,0,0,0,0,0,0,0,0,0,0,0,0,0,256
286,Top Mid Boxes Right Side Peek,Sanji,1,1,0,94,100,-6,0,0,0,0,0,0,1,1,0,94,100,-6,256
287,Top Mid Catwalk,Sanji,0,1,-1,0,100,-100,0,0,0,0,0,0,0,1,-1,0,100,-100,256
288,Under balcony,Sanji,1,0,1,84,15,69,0,0,0,0,0,0,1,0,1,84,15,69,256
289,Ladder Room Catwalk Side,Sanji,0,0,0,0,3,-3,0,0,0,0,3,-3,0,0,0,0,0,0,256
290,Elevated Snipers Awp Peek,Sanji,0,1,-1,0,17,-17,0,1,-1,0,17,-17,0,0,0,0,0,0,256
291,Apartments Right CT Corner,Sanji,0,0,0,0,0,0,0,0,0,0,0,0,0,0,0,0,0,0,256
292,Under window B apps,Sanji,0,0,0,60,0,60,0,0,0,60,0,60,0,0,0,0,0,0,256
293,Van Barrel Peek,Sanji,5,1,4,465,164,301,3,0,3,292,63,229,2,1,1,173,101,72,256
294,Chair,Sanji,0,0,0,0,0,0,0,0,0,0,0,0,0,0,0,0,0,0,256
295,Left Side corner deep jungle,Sanji,1,1,0,59,94,-35,1,1,0,59,94,-35,0,0,0,0,0,0,256
296,T Apps TV,Sanji,0,0,0,0,0,0,0,0,0,0,0,0,0,0,0,0,0,0,256
297,Top Mid Right Side,Sanji,0,0,0,0,0,0,0,0,0,0,0,0,0,0,0,0,0,0,256
298,Arch,Sanji,1,1,0,39,126,-87,1,1,0,15,126,-111,0,0,0,24,0,24,256
299,Top STairs,Sanji,1,0,1,100,0,100,1,0,1,100,0,100,0,0,0,0,0,0,256
300,Firebox,Sanji,1,0,1,30,0,30,0,0,0,0,0,0,1,0,1,30,0,30,256
301,Register Market,Sanji,0,1,-1,0,100,-100,0,1,-1,0,100,-100,0,0,0,0,0,0,256
302,Balcony Boaxes,Sanji,0,0,0,0,0,0,0,0,0,0,0,0,0,0,0,0,0,0,256
303,Close A Ramp,Sanji,1,1,0,128,139,-11,0,0,0,0,0,0,1,1,0,128,139,-11,256
304,Safe Plant B Site,Sanji,0,0,0,0,0,0,0,0,0,0,0,0,0,0,0,0,0,0,256
305,Top Mid towards Apps,Sanji,4,0,4,400,7,393,0,0,0,0,0,0,4,0,4,400,7,393,256
306,Default A,Qikert,13,18,-5,1256,1601,-345,10,13,-3,1035,1136,-101,3,5,-2,221,465,-244,256
307,Ticketbooth ,Qikert,15,12,3,1488,1639,-151,13,9,4,1246,1402,-156,2,3,-1,242,237,5,256
308,Top Balcony,Qikert,16,12,4,1747,1486,261,6,2,4,653,488,165,10,10,0,1094,998,96,256
309,A Site,Qikert,8,10,-2,846,1006,-160,6,3,3,557,273,284,2,7,-5,289,733,-444,256
310,T Palace Stairs Peek,Qikert,5,6,-1,653,1003,-350,0,1,-1,35,100,-65,5,5,0,618,903,-285,256
311,Bottom Stairs,Qikert,0,4,-4,48,363,-315,0,0,0,0,0,0,0,4,-4,48,363,-315,256
312,A Ramp,Qikert,5,3,2,563,524,39,2,0,2,200,91,109,3,3,0,363,433,-70,256
313,Close A Ramp,Qikert,3,3,0,304,382,-78,3,3,0,289,360,-71,0,0,0,15,22,-7,256
314,Triple Box,Qikert,3,4,-1,211,480,-269,3,3,0,211,380,-169,0,1,-1,0,100,-100,256
315,Sandwhich,Qikert,4,3,1,400,300,100,3,1,2,300,100,200,1,2,-1,100,200,-100,256
316,Deep Palace,Qikert,7,6,1,850,667,183,2,2,0,289,253,36,5,4,1,561,414,147,256
317,CT Side Apps,Qikert,2,5,-3,304,646,-342,0,0,0,0,0,0,2,5,-3,304,646,-342,256
318,Back B Site Peeking Apps/Plat,Qikert,1,2,-1,154,189,-35,0,0,0,0,0,0,1,2,-1,154,189,-35,256
319,Tetris,Qikert,4,4,0,414,469,-55,3,3,0,298,327,-29,1,1,0,116,142,-26,256
320,Left Side Platform,Qikert,6,5,1,654,693,-39,0,0,0,0,0,0,6,5,1,654,693,-39,256
321,Close Market door,Qikert,7,3,4,621,479,142,7,3,4,621,479,142,0,0,0,0,0,0,256
322,A Site Exposed to Stairs Connector Cat,Qikert,1,2,-1,100,216,-116,0,0,0,0,0,0,1,2,-1,100,216,-116,256
323,Close Left CT A Ramp,Qikert,2,3,-1,305,300,5,1,3,-2,232,300,-68,1,0,1,73,0,73,256
324,Snipers Palace Peek,Qikert,1,0,1,100,0,100,1,0,1,100,0,100,0,0,0,0,0,0,256
325,B Bombsite Cross to Catwalk,Qikert,1,0,1,102,22,80,0,0,0,0,0,0,1,0,1,102,22,80,256
326,Catwalk T Aparments Peek,Qikert,1,0,1,78,0,78,1,0,1,78,0,78,0,0,0,0,0,0,256
327,Deep Jungle,Qikert,1,2,-1,259,199,60,1,2,-1,259,199,60,0,0,0,0,0,0,256
328,B Site Default Plant,Qikert,0,3,-3,0,185,-185,0,2,-2,0,174,-174,0,1,-1,0,11,-11,256
329,Top Mid towards Apps,Qikert,1,1,0,101,121,-20,1,0,1,100,21,79,0,1,-1,1,100,-99,256
330,Top Mid Left Side,Qikert,1,3,-2,218,257,-39,1,0,1,100,43,57,0,3,-3,118,214,-96,256
331,Bench,Qikert,1,1,0,144,59,85,1,1,0,144,59,85,0,0,0,0,0,0,256
332,Jungle Plant,Qikert,0,2,-2,160,119,41,0,2,-2,124,119,5,0,0,0,36,0,36,256
333,Mid Close Connector,Qikert,2,2,0,254,149,105,0,0,0,0,0,0,2,2,0,254,149,105,256
334,market,Qikert,2,2,0,194,127,67,2,2,0,194,127,67,0,0,0,0,0,0,256
335,Deep T Apps Underpass STairs,Qikert,1,0,1,111,49,62,0,0,0,0,0,0,1,0,1,111,49,62,256
336,Firebox,Qikert,3,1,2,289,179,110,2,0,2,189,79,110,1,1,0,100,100,0,256
337,Deep CT,Qikert,1,0,1,100,89,11,0,0,0,0,0,0,1,0,1,100,89,11,256
338,Under window B apps,Qikert,0,0,0,95,34,61,0,0,0,0,0,0,0,0,0,95,34,61,256
339,Balcony Boaxes,Qikert,2,1,1,254,122,132,0,1,-1,37,100,-63,2,0,2,217,22,195,256
340,Deep Catwalk,Qikert,0,1,-1,0,100,-100,0,0,0,0,0,0,0,1,-1,0,100,-100,256
341,Top Connector,Qikert,0,0,0,52,4,48,0,0,0,0,4,-4,0,0,0,52,0,52,256
342,T Spawn,Qikert,0,1,-1,0,22,-22,0,0,0,0,0,0,0,1,-1,0,22,-22,256
343,Catwalk Plant B Site,Qikert,2,1,1,231,100,131,0,0,0,0,0,0,2,1,1,231,100,131,256
344,Ninja,Qikert,1,1,0,100,86,14,1,1,0,100,86,14,0,0,0,0,0,0,256
345,Arch,Qikert,2,2,0,272,200,72,1,1,0,172,100,72,1,1,0,100,100,0,256
346,CT Catwalk,Qikert,2,2,0,66,233,-167,2,2,0,66,233,-167,0,0,0,0,0,0,256
347,Top STairs,Qikert,0,0,0,0,0,0,0,0,0,0,0,0,0,0,0,0,0,0,256
348,Register Market,Qikert,0,1,-1,0,100,-100,0,1,-1,0,100,-100,0,0,0,0,0,0,256
349,Back Left B Site From T's' Perspective,Qikert,0,1,-1,10,52,-42,0,0,0,0,0,0,0,1,-1,10,52,-42,256
350,CT Left Side,Qikert,3,1,2,240,188,52,2,1,1,140,154,-14,1,0,1,100,34,66,256
351,CT Spawn,Qikert,3,2,1,299,173,126,3,2,1,299,173,126,0,0,0,0,0,0,256
352,Inside Market Doors,Qikert,3,0,3,230,74,156,3,0,3,230,74,156,0,0,0,0,0,0,256
353,T Deep Apps Underpass/Apps Peek,Qikert,1,1,0,112,122,-10,0,0,0,0,0,0,1,1,0,112,122,-10,256
354,Right Side Snipers Nest,Qikert,0,1,-1,77,100,-23,0,1,-1,77,100,-23,0,0,0,0,0,0,256
355,Forest,Qikert,0,1,-1,0,66,-66,0,0,0,0,0,0,0,1,-1,0,66,-66,256
356,T Deep apps,Qikert,1,0,1,100,0,100,0,0,0,0,0,0,1,0,1,100,0,100,256
357,Deep T Apps,Qikert,5,0,5,435,309,126,0,0,0,0,0,0,5,0,5,435,309,126,256
358,Right Side Connector,Qikert,0,0,0,0,9,-9,0,0,0,0,9,-9,0,0,0,0,0,0,256
359,Bottom Connector,Qikert,1,0,1,100,6,94,0,0,0,0,0,0,1,0,1,100,6,94,256
360,Leftside Connector,Qikert,1,0,1,100,4,96,1,0,1,100,4,96,0,0,0,0,0,0,256
361,Top Mid Catwalk,Qikert,0,0,0,31,0,31,0,0,0,0,0,0,0,0,0,31,0,31,256
362,Deep T Spawn T Ramp,Qikert,0,0,0,82,14,68,0,0,0,0,0,0,0,0,0,82,14,68,256
363,B site Market Plant,Qikert,0,0,0,0,0,0,0,0,0,0,0,0,0,0,0,0,0,0,256
364,Underneath B apps plat,Qikert,1,0,1,100,2,98,0,0,0,0,0,0,1,0,1,100,2,98,256
365,Top Mid,Qikert,3,1,2,359,100,259,3,0,3,300,0,300,0,1,-1,59,100,-41,256
366,T Spawn towards Apps,Qikert,0,1,-1,0,52,-52,0,0,0,0,0,0,0,1,-1,0,52,-52,256
367,Top Mid Boxes Right Side Peek,Qikert,0,1,-1,68,100,-32,0,0,0,0,0,0,0,1,-1,68,100,-32,256
368,Bottom Mid Ladder Room Peek,Qikert,0,0,0,0,27,-27,0,0,0,0,27,-27,0,0,0,0,0,0,256
369,CT Outside Market,Qikert,0,0,0,0,0,0,0,0,0,0,0,0,0,0,0,0,0,0,256
370,Market Window Peek,Qikert,0,1,-1,76,170,-94,0,1,-1,76,170,-94,0,0,0,0,0,0,256
371,Underpass,Qikert,0,0,0,8,27,-19,0,0,0,0,27,-27,0,0,0,8,0,8,256
372,T Spawn A Ramp,Qikert,0,0,0,0,18,-18,0,0,0,0,0,0,0,0,0,0,18,-18,256
373,Murder Hole,Qikert,0,0,0,63,0,63,0,0,0,63,0,63,0,0,0,0,0,0,256
374,Back Right B Site from T's Perspective,Qikert,0,0,0,0,0,0,0,0,0,0,0,0,0,0,0,0,0,0,256
375,Under balcony,Qikert,3,1,2,408,290,118,2,1,1,308,211,97,1,0,1,100,79,21,256
376,Close Right Market Window,Qikert,0,0,0,0,0,0,0,0,0,0,0,0,0,0,0,0,0,0,256
